1641576503.3760786
1641576503.376322,5.292468547821045
1641576503.383322,6.077912330627441
1641576503.390322,5.5908660888671875
1641576503.397322,0.0
1641576503.404322,6.434782028198242
1641576503.4113219,4.893952369689941
1641576503.417322,0.0
1641576503.424322,0.0
1641576503.430322,0.0
1641576503.438322,6.862189769744873
1641576503.445322,6.210056304931641
1641576503.451322,0.0
1641576503.458322,4.9352521896362305
1641576503.465322,4.505248069763184
1641576503.471322,4.638437271118164
1641576503.478322,5.368622779846191
1641576503.486322,0.0
1641576503.492322,0.0
1641576503.499322,4.594470024108887
1641576503.506322,0.0
1641576503.512322,6.111216068267822
1641576503.519322,6.111216068267822
1641576503.526322,0.0
1641576503.533322,7.094871997833252
1641576503.540322,0.0
1641576503.546322,4.505248069763184
1641576503.553322,4.9352521896362305
1641576503.560322,0.0
1641576503.567322,4.725144386291504
1641576503.574322,5.51777982711792
1641576503.581322,0.0
1641576503.587322,4.725144386291504
1641576503.594322,0.0
1641576503.601322,0.0
1641576503.607322,0.0
1641576503.615322,0.0
1641576503.621322,0.0
1641576503.628322,0.0
1641576503.635322,0.0
1641576503.641322,0.0
1641576503.648322,0.0
1641576503.656322,4.55007791519165
1641576503.662322,5.292468547821045
1641576503.669322,0.0
1641576503.676322,4.893952369689941
1641576503.682322,0.0
1641576503.689322,0.0
1641576503.697322,5.627053260803223
1641576503.703322,0.0
1641576503.710322,5.05712890625
1641576503.716322,0.0
1641576503.723322,4.55007791519165
1641576503.730322,5.976887226104736
1641576503.737322,0.0
1641576503.744322,0.0
1641576503.751322,5.05712890625
1641576503.757322,0.0
1641576503.764322,5.330681800842285
1641576503.771322,0.0
1641576503.777322,4.725144386291504
1641576503.785322,6.40316104888916
1641576503.791322,0.0
1641576503.798322,6.339446544647217
1641576503.805322,4.725144386291504
1641576503.811322,0.0
1641576503.818322,5.8741254806518555
1641576503.826322,0.0
1641576503.832322,6.921093940734863
1641576503.839322,5.5908660888671875
1641576503.846322,6.339446544647217
1641576503.852322,5.136773586273193
1641576503.859322,0.0
1641576503.867322,4.893952369689941
1641576503.873322,4.893952369689941
1641576503.880322,0.0
1641576503.886322,0.0
1641576503.893322,0.0
1641576503.900322,4.505248069763184
1641576503.907322,5.368622779846191
1641576503.914322,0.0
1641576503.921322,0.0
1641576503.927322,5.136773586273193
1641576503.9343219,5.136773586273193
1641576503.941322,5.769532680511475
1641576503.947322,0.0
1641576503.955322,6.177285671234131
1641576503.961322,0.0
1641576503.968322,0.0
1641576503.975322,4.810288906097412
1641576503.981322,0.0
1641576503.988322,5.05712890625
1641576503.996322,0.0
1641576504.002322,0.0
1641576504.009322,7.430245876312256
1641576504.016322,5.292468547821045
1641576504.022322,0.0
1641576504.029322,4.810288906097412
1641576504.037322,4.55007791519165
1641576504.043322,6.275084972381592
1641576504.050322,6.466248035430908
1641576504.056322,0.0
1641576504.063322,6.651919364929199
1641576504.070322,0.0
1641576504.076322,0.0
1641576504.084322,5.01683235168457
1641576504.091322,0.0
1641576504.104322,0.0
1641576504.111322,0.0
1641576504.117322,4.810288906097412
1641576504.125322,0.0
1641576504.132322,7.698571681976318
1641576504.138322,0.0
1641576504.145322,0.0
1641576504.152322,4.55007791519165
1641576504.158322,5.6987385749816895
1641576504.166322,0.0
1641576504.172322,5.8046064376831055
1641576504.179322,0.0
1641576504.186322,6.077912330627441
1641576504.192322,0.0
1641576504.199322,0.0
1641576504.207322,5.176136493682861
1641576504.213322,4.594470024108887
1641576504.220322,4.852301120758057
1641576504.226322,0.0
1641576504.233322,4.767906665802002
1641576504.240322,0.0
1641576504.246322,4.638437271118164
1641576504.254322,0.0
1641576504.261322,4.638437271118164
1641576504.267322,0.0
1641576504.274322,5.136773586273193
1641576504.281322,4.767906665802002
1641576504.287322,0.0
1641576504.295322,4.852301120758057
1641576504.302322,6.242655277252197
1641576504.308322,5.292468547821045
1641576504.315322,4.725144386291504
1641576504.321322,0.0
1641576504.328322,0.0
1641576504.336322,6.077912330627441
1641576504.342322,0.0
1641576504.349322,0.0
1641576504.356322,0.0
1641576504.362322,0.0
1641576504.369322,0.0
1641576504.377322,5.136773586273193
1641576504.383322,0.0
1641576504.390322,5.44371223449707
1641576504.397322,5.253977298736572
1641576504.403322,6.242655277252197
1641576504.410322,0.0
1641576504.416322,0.0
1641576504.424322,4.767906665802002
1641576504.431322,0.0
1641576504.437322,5.480871200561523
1641576504.444322,0.0
1641576504.451322,4.97620964050293
1641576504.457322,0.0
1641576504.465322,0.0
1641576504.472322,7.592379570007324
1641576504.478322,4.505248069763184
1641576504.485322,4.55007791519165
1641576504.492322,5.51777982711792
1641576504.498322,5.01683235168457
1641576504.506322,5.253977298736572
1641576504.512322,0.0
1641576504.519322,0.0
1641576504.526322,6.979500770568848
1641576504.532322,5.5908660888671875
1641576504.539322,5.01683235168457
1641576504.547322,0.0
1641576504.553322,0.0
1641576504.560322,5.176136493682861
1641576504.566322,0.0
1641576504.573322,5.176136493682861
1641576504.580322,5.136773586273193
1641576504.586322,0.0
1641576504.594322,5.2152018547058105
1641576504.601322,5.136773586273193
1641576504.607322,6.044425010681152
1641576504.614322,5.253977298736572
1641576504.621322,5.368622779846191
1641576504.627322,5.976887226104736
1641576504.635322,0.0
1641576504.642322,0.0
1641576504.648322,0.0
1641576504.655322,0.0
1641576504.6613219,0.0
1641576504.668322,5.4062981605529785
1641576504.676322,4.767906665802002
1641576504.682322,4.55007791519165
1641576504.689322,4.6819915771484375
1641576504.696322,0.0
1641576504.702322,4.638437271118164
1641576504.709322,0.0
1641576504.719322,5.5908660888671875
1641576504.726322,0.0
1641576504.733322,5.5908660888671875
1641576504.739322,0.0
1641576504.7525833,5.8741254806518555
1641576504.7585833,0.0
1641576504.7655833,0.0
1641576504.7735834,4.505248069763184
1641576504.7795832,0.0
1641576504.7865832,0.0
1641576504.7935834,5.976887226104736
1641576504.7995832,6.010750770568848
1641576504.8065834,4.725144386291504
1641576504.8145833,0.0
1641576504.8205833,4.725144386291504
1641576504.8275833,0.0
1641576504.8335834,0.0
1641576504.8405833,0.0
1641576504.8475833,0.0
1641576504.8545833,0.0
1641576504.8615832,4.638437271118164
1641576504.8685832,5.663009166717529
1641576504.8745832,0.0
1641576504.8815832,4.55007791519165
1641576504.8885832,0.0
1641576504.8955834,7.151859760284424
1641576504.9025834,5.908577919006348
1641576504.9095833,0.0
1641576504.9155834,0.0
1641576504.9225833,5.8741254806518555
1641576504.9295833,5.976887226104736
1641576504.9355834,5.5908660888671875
1641576504.9435833,0.0
1641576504.9495833,4.55007791519165
1641576504.9565833,5.253977298736572
1641576504.9635832,5.330681800842285
1641576504.9695833,6.275084972381592
1641576504.9765832,0.0
1641576504.9845834,0.0
1641576504.9905832,6.044425010681152
1641576504.9975834,0.0
1641576505.0045834,5.368622779846191
1641576505.0105834,0.0
1641576505.0175834,0.0
1641576505.0255833,4.594470024108887
1641576505.0315833,0.0
1641576505.0385833,4.852301120758057
1641576505.0445833,6.144339561462402
1641576505.0515833,0.0
1641576505.0585833,0.0
1641576505.0655832,0.0
1641576505.0725832,0.0
1641576505.0795834,5.292468547821045
1641576505.0855832,0.0
1641576505.0925832,0.0
1641576505.0995834,5.4062981605529785
1641576505.1055832,0.0
1641576505.1135833,0.0
1641576505.1195834,0.0
1641576505.1265833,0.0
1641576505.1335833,0.0
1641576505.1395833,0.0
1641576505.1465833,0.0
1641576505.1545832,6.177285671234131
1641576505.1605833,5.51777982711792
1641576505.1675832,0.0
1641576505.1745832,0.0
1641576505.1805832,4.6819915771484375
1641576505.1875832,0.0
1641576505.1955833,5.942830562591553
1641576505.2015834,0.0
1641576505.2085834,0.0
1641576505.2145834,0.0
1641576505.2215834,0.0
1641576505.2285833,0.0
1641576505.2345834,5.8741254806518555
1641576505.2425833,5.05712890625
1641576505.2495832,0.0
1641576505.2555833,5.8046064376831055
1641576505.2625833,0.0
1641576505.2695832,4.893952369689941
1641576505.2755833,5.627053260803223
1641576505.2835834,0.0
1641576505.2905834,5.292468547821045
1641576505.2965832,0.0
1641576505.3035834,6.177285671234131
1641576505.3095832,0.0
1641576505.3165834,4.55007791519165
1641576505.3245833,0.0
1641576505.3305833,0.0
1641576505.3375833,0.0
1641576505.3445833,4.97620964050293
1641576505.3505833,0.0
1641576505.3575833,0.0
1641576505.3645833,0.0
1641576505.3715832,0.0
1641576505.3785832,4.638437271118164
1641576505.3845832,4.893952369689941
1641576505.3915832,0.0
1641576505.3985834,6.307347774505615
1641576505.4045832,0.0
1641576505.4125834,6.307347774505615
1641576505.4195833,6.044425010681152
1641576505.4255834,6.339446544647217
1641576505.4325833,6.40316104888916
1641576505.4395833,5.292468547821045
1641576505.4455833,0.0
1641576505.4535832,4.893952369689941
1641576505.4595833,0.0
1641576505.4665833,0.0
1641576505.4735832,5.8046064376831055
1641576505.4795833,6.466248035430908
1641576505.4865832,4.767906665802002
1641576505.4945834,0.0
1641576505.5005834,7.008521556854248
1641576505.5075834,5.4062981605529785
1641576505.5145833,0.0
1641576505.5205834,6.077912330627441
1641576505.5275834,7.3754096031188965
1641576505.5335834,0.0
1641576505.5415833,0.0
1641576505.5485833,4.55007791519165
1641576505.5545833,5.554443359375
1641576505.5615833,5.627053260803223
1641576505.5685833,0.0
1641576505.5745833,0.0
1641576505.5825832,0.0
1641576505.5895834,0.0
1641576505.5955832,0.0
1641576505.6025834,5.292468547821045
1641576505.6095834,7.094871997833252
1641576505.6155832,4.725144386291504
1641576505.6235833,4.97620964050293
1641576505.6295834,0.0
1641576505.6365833,0.0
1641576505.6435833,0.0
1641576505.6495833,0.0
1641576505.6565833,0.0
1641576505.6645832,6.077912330627441
1641576505.6705832,0.0
1641576505.6775832,5.976887226104736
1641576505.6845832,5.480871200561523
1641576505.6905832,5.09710693359375
1641576505.6975832,5.253977298736572
1641576505.7055833,4.594470024108887
1641576505.7115834,0.0
1641576505.7185833,0.0
1641576505.7255833,4.594470024108887
1641576505.7315834,6.434782028198242
1641576505.7385833,0.0
1641576505.7445834,4.6819915771484375
1641576505.7525833,0.0
1641576505.7595832,0.0
1641576505.7655833,0.0
1641576505.7725832,4.505248069763184
1641576505.7795832,6.177285671234131
1641576505.7855833,0.0
1641576505.7935834,0.0
1641576505.8005834,4.893952369689941
1641576505.8065834,6.802775859832764
1641576505.8135834,4.6819915771484375
1641576505.8195832,5.663009166717529
1641576505.8265834,5.908577919006348
1641576505.8345833,0.0
1641576505.8405833,5.05712890625
1641576505.8475833,0.0
1641576505.8545833,0.0
1641576505.8605833,0.0
1641576505.8675833,0.0
1641576505.8745832,6.921093940734863
1641576505.8815832,4.852301120758057
1641576505.8885832,4.594470024108887
1641576505.8955834,4.594470024108887
1641576505.9015832,0.0
1641576505.9085834,6.772873401641846
1641576505.9145832,5.136773586273193
1641576505.9225833,0.0
1641576505.9295833,4.55007791519165
1641576505.9355834,0.0
1641576505.9425833,0.0
1641576505.9495833,6.077912330627441
1641576505.9555833,0.0
1641576505.9635832,0.0
1641576505.9705832,4.638437271118164
1641576505.9765832,0.0
1641576505.9835832,5.253977298736572
1641576505.9895833,0.0
1641576505.9965832,8.428547859191895
1641576506.0045834,5.253977298736572
1641576506.0105834,0.0
1641576506.0175834,6.044425010681152
1641576506.0245833,4.638437271118164
1641576506.0305834,4.810288906097412
1641576506.0375834,5.136773586273193
1641576506.0445833,0.0
1641576506.0515833,6.307347774505615
1641576506.0585833,0.0
1641576506.0645833,0.0
1641576506.0715833,5.136773586273193
1641576506.0785832,5.368622779846191
1641576506.0845833,0.0
1641576506.0925832,5.136773586273193
1641576506.0995834,4.852301120758057
1641576506.1055832,5.480871200561523
1641576506.1125834,0.0
1641576506.1195834,5.5908660888671875
1641576506.1255834,4.505248069763184
1641576506.1335833,0.0
1641576506.1405833,6.144339561462402
1641576506.1465833,4.9352521896362305
1641576506.1535833,0.0
1641576506.1605833,4.767906665802002
1641576506.1665833,0.0
1641576506.1735833,0.0
1641576506.1805832,0.0
1641576506.1875832,0.0
1641576506.1945832,5.4062981605529785
1641576506.2005832,5.51777982711792
1641576506.2075832,5.554443359375
1641576506.2145834,0.0
1641576506.2215834,0.0
1641576506.2285833,0.0
1641576506.2345834,0.0
1641576506.2415833,0.0
1641576506.2485833,6.802775859832764
1641576506.2545834,5.01683235168457
1641576506.2625833,0.0
1641576506.2695832,6.044425010681152
1641576506.2755833,5.01683235168457
1641576506.2825832,5.176136493682861
1641576506.2895832,4.505248069763184
1641576506.2955832,4.725144386291504
1641576506.3035834,0.0
1641576506.3095832,0.0
1641576506.3165834,5.627053260803223
1641576506.3235834,0.0
1641576506.3305833,4.852301120758057
1641576506.3365834,4.55007791519165
1641576506.3435833,0.0
1641576506.3505833,0.0
1641576506.3575833,0.0
1641576506.3645833,0.0
1641576506.3705833,5.554443359375
1641576506.3775833,0.0
1641576506.3845832,0.0
1641576506.3915832,0.0
1641576506.3985834,5.136773586273193
1641576506.4055834,6.921093940734863
1641576506.4115832,4.852301120758057
1641576506.4185834,0.0
1641576506.4245832,4.97620964050293
1641576506.4325833,5.136773586273193
1641576506.4395833,0.0
1641576506.4455833,4.594470024108887
1641576506.4525833,0.0
1641576506.4595833,5.368622779846191
1641576506.4655833,0.0
1641576506.4735832,0.0
1641576506.4805832,0.0
1641576506.4865832,0.0
1641576506.4935832,5.368622779846191
1641576506.5005834,4.55007791519165
1641576506.5065832,5.292468547821045
1641576506.5135832,6.9503583908081055
1641576506.5205834,0.0
1641576506.5275834,0.0
1641576506.5345833,5.480871200561523
1641576506.5405834,0.0
1641576506.5475833,5.01683235168457
1641576506.5545833,0.0
1641576506.5615833,0.0
1641576506.5685833,5.05712890625
1641576506.5745833,0.0
1641576506.5815833,4.852301120758057
1641576506.5885832,0.0
1641576506.5955832,4.638437271118164
1641576506.6025834,5.942830562591553
1641576506.6095834,5.176136493682861
1641576506.6155832,0.0
1641576506.6225834,5.09710693359375
1641576506.6295834,0.0
1641576506.6355834,4.767906665802002
1641576506.6425834,6.044425010681152
1641576506.6505833,0.0
1641576506.6565833,7.645659923553467
1641576506.6635833,4.810288906097412
1641576506.6695833,0.0
1641576506.6765833,0.0
1641576506.6835833,0.0
1641576506.6905832,0.0
1641576506.6975832,0.0
1641576506.7045834,4.852301120758057
1641576506.7105832,5.8394694328308105
1641576506.7175832,0.0
1641576506.7245834,0.0
1641576506.7315834,0.0
1641576506.7385833,5.176136493682861
1641576506.7455833,7.151859760284424
1641576506.7515833,4.767906665802002
1641576506.7585833,0.0
1641576506.7645833,0.0
1641576506.7725832,0.0
1641576506.7795832,0.0
1641576506.7855833,0.0
1641576506.7925832,5.253977298736572
1641576506.7995832,0.0
1641576506.8055832,0.0
1641576506.8125832,4.767906665802002
1641576506.8205833,0.0
1641576506.8265834,0.0
1641576506.8335834,5.769532680511475
1641576506.8405833,6.339446544647217
1641576506.8465834,0.0
1641576506.8535833,0.0
1641576506.8605833,5.5908660888671875
1641576506.8675833,5.136773586273193
1641576506.8745832,0.0
1641576506.8805833,0.0
1641576506.8875833,0.0
1641576506.8945832,4.638437271118164
1641576506.9015832,6.177285671234131
1641576506.9085834,4.6819915771484375
1641576506.9155834,0.0
1641576506.9215832,0.0
1641576506.9285834,5.330681800842285
1641576506.9355834,5.51777982711792
1641576506.9415834,6.7126688957214355
1641576506.9495833,0.0
1641576506.9555833,6.832547664642334
1641576506.9625833,0.0
1641576506.9695833,5.176136493682861
1641576506.9755833,0.0
1641576506.9825833,5.44371223449707
1641576506.9905832,0.0
1641576506.9965832,4.594470024108887
1641576507.0035832,4.852301120758057
1641576507.0095832,0.0
1641576507.0165832,0.0
1641576507.0235834,4.810288906097412
1641576507.0315833,7.457512855529785
1641576507.0375834,5.176136493682861
1641576507.0445833,5.8046064376831055
1641576507.0505834,0.0
1641576507.0575833,0.0
1641576507.0645833,6.434782028198242
1641576507.0715833,0.0
1641576507.0785832,5.942830562591553
1641576507.0855832,4.638437271118164
1641576507.0915833,4.97620964050293
1641576507.0985832,5.09710693359375
1641576507.1055832,5.05712890625
1641576507.1115832,0.0
1641576507.1195834,5.368622779846191
1641576507.1255834,0.0
1641576507.1325834,7.008521556854248
1641576507.1395833,5.09710693359375
1641576507.1455834,0.0
1641576507.1525834,9.254968643188477
1641576507.1605833,5.330681800842285
1641576507.1665833,6.044425010681152
1641576507.1735833,5.176136493682861
1641576507.1795833,0.0
1641576507.1865833,0.0
1641576507.1935833,0.0
1641576507.2005832,0.0
1641576507.2075832,4.9352521896362305
1641576507.2145834,5.554443359375
1641576507.2205832,4.852301120758057
1641576507.2305832,0.0
1641576507.2365832,0.0
1641576507.2445834,0.0
1641576507.2515833,0.0
1641576507.2604434,0.0
1641576507.2674434,0.0
1641576507.2744434,5.6987385749816895
1641576507.2804434,0.0
1641576507.2884436,4.852301120758057
1641576507.2954435,4.810288906097412
1641576507.3014436,0.0
1641576507.3084435,0.0
1641576507.3144436,0.0
1641576507.3214436,5.51777982711792
1641576507.3284435,5.01683235168457
1641576507.3354435,0.0
1641576507.3424435,7.180184364318848
1641576507.3494434,5.8741254806518555
1641576507.3554435,0.0
1641576507.3624434,5.05712890625
1641576507.3694434,4.6819915771484375
1641576507.3764434,4.725144386291504
1641576507.3834436,5.2152018547058105
1641576507.3894434,4.638437271118164
1641576507.3964434,0.0
1641576507.4034436,5.09710693359375
1641576507.4094434,0.0
1641576507.4174435,0.0
1641576507.4244435,5.330681800842285
1641576507.4304435,5.5908660888671875
1641576507.4374435,0.0
1641576507.4434435,0.0
1641576507.4504435,0.0
1641576507.4584434,5.253977298736572
1641576507.4644434,0.0
1641576507.4714434,4.638437271118164
1641576507.4784434,0.0
1641576507.4844434,5.6987385749816895
1641576507.4914434,0.0
1641576507.4984434,5.136773586273193
1641576507.5054436,6.682363033294678
1641576507.5124435,0.0
1641576507.5194435,6.010750770568848
1641576507.5254436,5.663009166717529
1641576507.5324435,0.0
1641576507.5394435,4.725144386291504
1641576507.5464435,0.0
1641576507.5534434,0.0
1641576507.5594435,0.0
1641576507.5664434,0.0
1641576507.5734434,4.6819915771484375
1641576507.5794435,0.0
1641576507.5874436,5.554443359375
1641576507.5944436,4.9352521896362305
1641576507.6004434,0.0
1641576507.6074436,0.0
1641576507.6144435,0.0
1641576507.6204436,5.51777982711792
1641576507.6284435,5.6987385749816895
1641576507.6354434,5.554443359375
1641576507.6414435,0.0
1641576507.6484435,0.0
1641576507.6544435,0.0
1641576507.6614435,6.210056304931641
1641576507.6684434,0.0
1641576507.6754434,0.0
1641576507.6824434,7.565598487854004
1641576507.6894436,0.0
1641576507.6954434,4.725144386291504
1641576507.7024434,7.320162296295166
1641576507.7084434,0.0
1641576507.7164435,6.40316104888916
1641576507.7234435,5.01683235168457
1641576507.7294436,0.0
1641576507.7364435,5.51777982711792
1641576507.7434435,0.0
1641576507.7494435,0.0
1641576507.7574434,4.767906665802002
1641576507.7644434,5.09710693359375
1641576507.7704434,5.769532680511475
1641576507.7774434,0.0
1641576507.7844434,5.2152018547058105
1641576507.7904434,5.976887226104736
1641576507.7974434,0.0
1641576507.8054435,5.769532680511475
1641576507.8114436,0.0
1641576507.8184435,4.6819915771484375
1641576507.8244436,4.6819915771484375
1641576507.8314435,0.0
1641576507.8384435,6.044425010681152
1641576507.8454435,4.594470024108887
1641576507.8524435,0.0
1641576507.8594434,5.6987385749816895
1641576507.8654435,0.0
1641576507.8724434,0.0
1641576507.8794434,5.136773586273193
1641576507.8864434,4.725144386291504
1641576507.8934436,4.893952369689941
1641576507.9004436,5.5908660888671875
1641576507.9064436,0.0
1641576507.9134436,0.0
1641576507.9194434,5.2152018547058105
1641576507.9274435,4.594470024108887
1641576507.9344435,0.0
1641576507.9404435,5.4062981605529785
1641576507.9474435,5.2152018547058105
1641576507.9544435,0.0
1641576507.9604435,0.0
1641576507.9674435,6.742838382720947
1641576507.9744434,0.0
1641576507.9814434,0.0
1641576507.9884434,5.627053260803223
1641576507.9944434,0.0
1641576508.0014434,6.177285671234131
1641576508.0084436,5.554443359375
1641576508.0154436,5.976887226104736
1641576508.0224435,4.97620964050293
1641576508.0294435,5.480871200561523
1641576508.0354435,0.0
1641576508.0424435,0.0
1641576508.0494435,4.810288906097412
1641576508.0564435,5.330681800842285
1641576508.0634434,0.0
1641576508.0704434,4.767906665802002
1641576508.0764434,4.893952369689941
1641576508.0834434,0.0
1641576508.0894434,0.0
1641576508.0964434,0.0
1641576508.1044436,0.0
1641576508.1104436,7.066205978393555
1641576508.1174436,4.767906665802002
1641576508.1244435,0.0
1641576508.1304436,0.0
1641576508.1374435,0.0
1641576508.1454434,6.044425010681152
1641576508.1514435,0.0
1641576508.1584435,5.292468547821045
1641576508.1644435,5.769532680511475
1641576508.1714435,4.893952369689941
1641576508.1784434,5.253977298736572
1641576508.1854434,0.0
1641576508.1924434,0.0
1641576508.1994436,4.810288906097412
1641576508.2054434,5.8394694328308105
1641576508.2124436,5.05712890625
1641576508.2194436,4.55007791519165
1641576508.2264435,0.0
1641576508.2334435,5.09710693359375
1641576508.2394435,0.0
1641576508.2464435,5.663009166717529
1641576508.2534435,5.908577919006348
1641576508.2594435,0.0
1641576508.2664435,6.371383190155029
1641576508.2744434,5.253977298736572
1641576508.2804434,4.638437271118164
1641576508.2874434,5.8741254806518555
1641576508.2944434,0.0
1641576508.3004434,0.0
1641576508.3074434,6.177285671234131
1641576508.3154435,4.505248069763184
1641576508.3214436,5.6987385749816895
1641576508.3284435,5.253977298736572
1641576508.3344436,0.0
1641576508.3414435,5.51777982711792
1641576508.3484435,4.505248069763184
1641576508.3554435,0.0
1641576508.3624434,0.0
1641576508.3694434,0.0
1641576508.3754435,7.094871997833252
1641576508.3824434,5.8394694328308105
1641576508.3894434,5.01683235168457
1641576508.3964434,6.651919364929199
1641576508.4034436,5.8394694328308105
1641576508.4104435,4.638437271118164
1641576508.4164436,0.0
1641576508.4234436,0.0
1641576508.4294434,0.0
1641576508.4364436,6.802775859832764
1641576508.4444435,4.97620964050293
1641576508.4504435,0.0
1641576508.4574435,0.0
1641576508.4644434,0.0
1641576508.4704435,5.942830562591553
1641576508.4774435,0.0
1641576508.4854436,5.976887226104736
1641576508.4914434,0.0
1641576508.4984434,0.0
1641576508.5044434,0.0
1641576508.5114434,0.0
1641576508.5184436,6.7126688957214355
1641576508.5254436,5.05712890625
1641576508.5324435,0.0
1641576508.5394435,7.5117506980896
1641576508.5454435,5.01683235168457
1641576508.5524435,4.767906665802002
1641576508.5594435,0.0
1641576508.5654435,0.0
1641576508.5734434,6.010750770568848
1641576508.5804434,5.51777982711792
1641576508.5864434,5.368622779846191
1641576508.5934434,0.0
1641576508.5994434,5.769532680511475
1641576508.6064434,4.505248069763184
1641576508.6144435,0.0
1641576508.6204436,0.0
1641576508.6274436,0.0
1641576508.6344435,0.0
1641576508.6404436,4.594470024108887
1641576508.6474435,0.0
1641576508.6554434,0.0
1641576508.6614435,6.921093940734863
1641576508.6684434,4.725144386291504
1641576508.6754434,4.725144386291504
1641576508.6814435,8.64256477355957
1641576508.6884434,0.0
1641576508.6954434,4.725144386291504
1641576508.7024434,0.0
1641576508.7094436,0.0
1641576508.7154434,4.97620964050293
1641576508.7224436,4.55007791519165
1641576508.7294436,4.638437271118164
1641576508.7354436,0.0
1641576508.7434435,6.466248035430908
1641576508.7504435,5.480871200561523
1641576508.7564435,0.0
1641576508.7634435,0.0
1641576508.7704434,4.594470024108887
1641576508.7764435,0.0
1641576508.7844434,6.802775859832764
1641576508.7904434,5.176136493682861
1641576508.7974434,0.0
1641576508.8044434,5.2152018547058105
1641576508.8104434,0.0
1641576508.8174434,0.0
1641576508.8254435,0.0
1641576508.8314435,0.0
1641576508.8384435,6.434782028198242
1641576508.8444436,0.0
1641576508.8514435,0.0
1641576508.8584435,5.4062981605529785
1641576508.8644435,0.0
1641576508.8724434,0.0
1641576508.8794434,0.0
1641576508.8854434,0.0
1641576508.8924434,6.044425010681152
1641576508.8994434,4.594470024108887
1641576508.9054434,0.0
1641576508.9134436,5.480871200561523
1641576508.9204435,5.176136493682861
1641576508.9264436,5.942830562591553
1641576508.9334435,0.0
1641576508.9394436,0.0
1641576508.9464436,0.0
1641576508.9544435,0.0
1641576508.9604435,5.136773586273193
1641576508.9674435,6.979500770568848
1641576508.9744434,0.0
1641576508.9804435,0.0
1641576508.9874434,0.0
1641576508.9954436,0.0
1641576509.0014434,6.651919364929199
1641576509.0084436,0.0
1641576509.0144434,0.0
1641576509.0214434,6.010750770568848
1641576509.0284436,0.0
1641576509.0364435,5.2152018547058105
1641576509.0424435,0.0
1641576509.0494435,4.767906665802002
1641576509.0554435,5.368622779846191
1641576509.0624435,0.0
1641576509.0694435,5.136773586273193
1641576509.0754435,4.725144386291504
1641576509.0834434,4.725144386291504
1641576509.0904434,5.554443359375
1641576509.0964434,5.176136493682861
1641576509.1034434,4.594470024108887
1641576509.1094434,0.0
1641576509.1164434,0.0
1641576509.1244435,5.7342448234558105
1641576509.1304436,0.0
1641576509.1374435,5.7342448234558105
1641576509.1444435,0.0
1641576509.1504436,5.51777982711792
1641576509.1574435,0.0
1641576509.1654434,0.0
1641576509.1714435,4.767906665802002
1641576509.1784434,0.0
1641576509.1854434,4.55007791519165
1641576509.1914434,0.0
1641576509.1984434,7.037423133850098
1641576509.2054434,5.09710693359375
1641576509.2124436,5.769532680511475
1641576509.2194436,5.292468547821045
1641576509.2254434,0.0
1641576509.2324436,5.05712890625
1641576509.2394435,0.0
1641576509.2454436,5.176136493682861
1641576509.2534435,4.505248069763184
1641576509.2604434,0.0
1641576509.2664435,0.0
1641576509.2734435,0.0
1641576509.2794435,0.0
1641576509.2864435,5.8741254806518555
1641576509.2944434,5.769532680511475
1641576509.3004434,0.0
1641576509.3074434,0.0
1641576509.3144436,0.0
1641576509.3204434,5.554443359375
1641576509.3274434,0.0
1641576509.3354435,0.0
1641576509.3414435,0.0
1641576509.3484435,0.0
1641576509.3554435,4.594470024108887
1641576509.3614435,0.0
1641576509.3684435,0.0
1641576509.3744435,0.0
1641576509.3824434,4.594470024108887
1641576509.3894434,0.0
1641576509.3954434,0.0
1641576509.4024434,0.0
1641576509.4094434,5.253977298736572
1641576509.4154434,5.2152018547058105
1641576509.4234436,0.0
1641576509.4304435,5.44371223449707
1641576509.4364436,5.176136493682861
1641576509.4434435,5.627053260803223
1641576509.4504435,7.402878761291504
1641576509.4564435,0.0
1641576509.4644434,5.09710693359375
1641576509.4714434,5.627053260803223
1641576509.4774435,4.6819915771484375
1641576509.4844434,6.275084972381592
1641576509.4904435,0.0
1641576509.4974434,0.0
1641576509.5044434,0.0
1641576509.5114434,5.05712890625
1641576509.5184436,0.0
1641576509.5254436,4.6819915771484375
1641576509.5314436,6.210056304931641
1641576509.5384436,0.0
1641576509.5444434,0.0
1641576509.5524435,5.8394694328308105
1641576509.5594435,0.0
1641576509.5654435,4.725144386291504
1641576509.5724435,4.505248069763184
1641576509.5794435,5.05712890625
1641576509.5854435,0.0
1641576509.5934434,4.810288906097412
1641576509.6004434,0.0
1641576509.6064434,5.627053260803223
1641576509.6134434,5.5908660888671875
1641576509.6204436,5.44371223449707
1641576509.6264434,0.0
1641576509.6344435,0.0
1641576509.6414435,5.51777982711792
1641576509.6474435,0.0
1641576509.6544435,6.044425010681152
1641576509.6604435,0.0
1641576509.6674435,4.594470024108887
1641576509.6744435,5.769532680511475
1641576509.6814435,0.0
1641576509.6884434,4.9352521896362305
1641576509.6954434,0.0
1641576509.7014434,0.0
1641576509.7084434,0.0
1641576509.7144434,0.0
1641576509.7224436,0.0
1641576509.7294436,4.6819915771484375
1641576509.7384434,0.0
1641576509.7454436,0.0
1641576509.7514434,0.0
1641576509.7584436,4.852301120758057
1641576509.770303,0.0
1641576509.776303,5.7342448234558105
1641576509.783303,0.0
1641576509.790303,0.0
1641576509.796303,0.0
1641576509.803303,4.55007791519165
1641576509.810303,0.0
1641576509.817303,0.0
1641576509.8243032,4.55007791519165
1641576509.830303,4.55007791519165
1641576509.837303,5.368622779846191
1641576509.8443031,0.0
1641576509.851303,0.0
1641576509.858303,0.0
1641576509.865303,4.55007791519165
1641576509.871303,0.0
1641576509.878303,0.0
1641576509.885303,5.01683235168457
1641576509.891303,0.0
1641576509.899303,7.180184364318848
1641576509.905303,0.0
1641576509.912303,5.292468547821045
1641576509.919303,0.0
1641576509.925303,0.0
1641576509.932303,0.0
1641576509.940303,4.55007791519165
1641576509.9463031,5.330681800842285
1641576509.953303,6.979500770568848
1641576509.960303,0.0
1641576509.966303,5.4062981605529785
1641576509.973303,5.44371223449707
1641576509.981303,4.594470024108887
1641576509.987303,5.2152018547058105
1641576509.994303,5.44371223449707
1641576510.000303,6.010750770568848
1641576510.007303,5.908577919006348
1641576510.014303,0.0
1641576510.020303,0.0
1641576510.0283031,5.176136493682861
1641576510.035303,0.0
1641576510.0413032,0.0
1641576510.0483031,5.480871200561523
1641576510.055303,5.6987385749816895
1641576510.0613031,5.908577919006348
1641576510.069303,0.0
1641576510.076303,5.01683235168457
1641576510.082303,0.0
1641576510.089303,4.97620964050293
1641576510.095303,0.0
1641576510.102303,5.368622779846191
1641576510.110303,6.242655277252197
1641576510.116303,0.0
1641576510.123303,4.55007791519165
1641576510.1303031,0.0
1641576510.136303,0.0
1641576510.1433032,0.0
1641576510.1503031,0.0
1641576510.157303,0.0
1641576510.164303,5.7342448234558105
1641576510.170303,0.0
1641576510.177303,4.9352521896362305
1641576510.184303,0.0
1641576510.190303,0.0
1641576510.198303,4.893952369689941
1641576510.205303,0.0
1641576510.211303,5.368622779846191
1641576510.218303,5.942830562591553
1641576510.225303,0.0
1641576510.231303,0.0
1641576510.239303,5.09710693359375
1641576510.2453032,0.0
1641576510.2523031,5.292468547821045
1641576510.259303,4.55007791519165
1641576510.2653031,5.8741254806518555
1641576510.272303,0.0
1641576510.280303,0.0
1641576510.286303,0.0
1641576510.293303,5.253977298736572
1641576510.300303,0.0
1641576510.306303,6.177285671234131
1641576510.313303,0.0
1641576510.320303,0.0
1641576510.327303,0.0
1641576510.3343031,5.7342448234558105
1641576510.340303,0.0
1641576510.3473032,5.627053260803223
1641576510.3543031,4.767906665802002
1641576510.360303,6.651919364929199
1641576510.368303,0.0
1641576510.375303,6.590610027313232
1641576510.381303,0.0
1641576510.388303,0.0
1641576510.395303,6.466248035430908
1641576510.401303,0.0
1641576510.409303,4.6819915771484375
1641576510.415303,0.0
1641576510.422303,0.0
1641576510.429303,7.565598487854004
1641576510.435303,0.0
1641576510.442303,0.0
1641576510.450303,5.8394694328308105
1641576510.4563031,0.0
1641576510.463303,4.6819915771484375
1641576510.470303,0.0
1641576510.476303,0.0
1641576510.483303,7.151859760284424
1641576510.491303,0.0
1641576510.497303,0.0
1641576510.504303,4.594470024108887
1641576510.511303,5.05712890625
1641576510.517303,0.0
1641576510.524303,5.01683235168457
1641576510.530303,0.0
1641576510.5383031,6.682363033294678
1641576510.545303,0.0
1641576510.5513031,0.0
1641576510.558303,0.0
1641576510.565303,0.0
1641576510.5713031,0.0
1641576510.579303,5.4062981605529785
1641576510.586303,4.594470024108887
1641576510.592303,0.0
1641576510.599303,0.0
1641576510.605303,5.253977298736572
1641576510.612303,0.0
1641576510.6203032,4.852301120758057
1641576510.626303,0.0
1641576510.633303,0.0
1641576510.6403031,0.0
1641576510.646303,0.0
1641576510.6533031,0.0
1641576510.660303,5.253977298736572
1641576510.667303,0.0
1641576510.674303,0.0
1641576510.681303,4.852301120758057
1641576510.687303,0.0
1641576510.694303,5.554443359375
1641576510.700303,0.0
1641576510.708303,4.55007791519165
1641576510.715303,4.725144386291504
1641576510.721303,0.0
1641576510.728303,0.0
1641576510.735303,0.0
1641576510.741303,0.0
1641576510.749303,4.810288906097412
1641576510.756303,5.05712890625
1641576510.762303,0.0
1641576510.769303,0.0
1641576510.776303,4.767906665802002
1641576510.782303,0.0
1641576510.790303,5.4062981605529785
1641576510.796303,0.0
1641576510.803303,6.044425010681152
1641576510.810303,0.0
1641576510.816303,0.0
1641576510.823303,0.0
1641576510.830303,0.0
1641576510.837303,0.0
1641576510.8443031,0.0
1641576510.850303,0.0
1641576510.8573031,4.638437271118164
1641576510.864303,0.0
1641576510.8703032,5.44371223449707
1641576510.878303,0.0
1641576510.885303,4.55007791519165
1641576510.891303,4.893952369689941
1641576510.898303,5.554443359375
1641576510.905303,0.0
1641576510.911303,6.111216068267822
1641576510.919303,0.0
1641576510.9263031,6.307347774505615
1641576510.932303,0.0
1641576510.939303,0.0
1641576510.945303,0.0
1641576510.952303,0.0
1641576510.960303,5.4062981605529785
1641576510.966303,5.09710693359375
1641576510.973303,5.2152018547058105
1641576510.980303,5.769532680511475
1641576510.986303,0.0
1641576510.993303,0.0
1641576511.000303,0.0
1641576511.007303,0.0
1641576511.014303,0.0
1641576511.021303,4.852301120758057
1641576511.027303,0.0
1641576511.034303,0.0
1641576511.0413032,5.05712890625
1641576511.0483031,0.0
1641576511.055303,6.466248035430908
1641576511.0613031,4.9352521896362305
1641576511.068303,0.0
1641576511.075303,5.4062981605529785
1641576511.0813031,0.0
1641576511.089303,5.01683235168457
1641576511.096303,0.0
1641576511.102303,0.0
1641576511.109303,0.0
1641576511.115303,0.0
1641576511.122303,5.176136493682861
1641576511.129303,0.0
1641576511.136303,4.505248069763184
1641576511.1433032,6.891704559326172
1641576511.1503031,0.0
1641576511.156303,0.0
1641576511.1633031,7.906678676605225
1641576511.170303,0.0
1641576511.177303,5.09710693359375
1641576511.184303,0.0
1641576511.190303,0.0
1641576511.197303,5.6987385749816895
1641576511.204303,0.0
1641576511.211303,5.8046064376831055
1641576511.218303,5.368622779846191
1641576511.225303,0.0
1641576511.231303,6.682363033294678
1641576511.238303,0.0
1641576511.2453032,0.0
1641576511.251303,4.638437271118164
1641576511.259303,0.0
1641576511.266303,4.767906665802002
1641576511.272303,4.725144386291504
1641576511.279303,0.0
1641576511.286303,5.627053260803223
1641576511.292303,5.8741254806518555
1641576511.299303,0.0
1641576511.306303,0.0
1641576511.313303,0.0
1641576511.320303,4.9352521896362305
1641576511.326303,0.0
1641576511.333303,0.0
1641576511.340303,7.724891662597656
1641576511.3473032,0.0
1641576511.3543031,0.0
1641576511.361303,0.0
1641576511.3673031,0.0
1641576511.374303,0.0
1641576511.3803031,0.0
1641576511.388303,0.0
1641576511.395303,0.0
1641576511.401303,6.010750770568848
1641576511.408303,5.554443359375
1641576511.415303,0.0
1641576511.421303,0.0
1641576511.428303,0.0
1641576511.4363031,5.7342448234558105
1641576511.442303,0.0
1641576511.4493032,5.480871200561523
1641576511.455303,0.0
1641576511.462303,4.9352521896362305
1641576511.4693031,0.0
1641576511.476303,0.0
1641576511.483303,0.0
1641576511.490303,0.0
1641576511.496303,4.810288906097412
1641576511.503303,0.0
1641576511.510303,0.0
1641576511.517303,6.979500770568848
1641576511.524303,0.0
1641576511.531303,5.05712890625
1641576511.537303,0.0
1641576511.544303,0.0
1641576511.550303,0.0
1641576511.558303,0.0
1641576511.565303,0.0
1641576511.5713031,7.208431720733643
1641576511.578303,0.0
1641576511.585303,0.0
1641576511.591303,4.767906665802002
1641576511.598303,0.0
1641576511.606303,4.594470024108887
1641576511.612303,5.05712890625
1641576511.619303,0.0
1641576511.626303,4.725144386291504
1641576511.632303,0.0
1641576511.639303,5.942830562591553
1641576511.646303,0.0
1641576511.6533031,4.6819915771484375
1641576511.660303,5.908577919006348
1641576511.6663032,0.0
1641576511.6733031,0.0
1641576511.680303,6.077912330627441
1641576511.687303,5.330681800842285
1641576511.694303,4.6819915771484375
1641576511.701303,4.505248069763184
1641576511.707303,4.767906665802002
1641576511.714303,0.0
1641576511.721303,5.5908660888671875
1641576511.728303,5.253977298736572
1641576511.735303,5.2152018547058105
1641576511.741303,0.0
1641576511.748303,0.0
1641576511.7553031,6.434782028198242
1641576511.761303,0.0
1641576511.7683032,0.0
1641576511.776303,0.0
1641576511.782303,5.8046064376831055
1641576511.789303,0.0
1641576511.796303,0.0
1641576511.802303,0.0
1641576511.809303,5.05712890625
1641576511.816303,0.0
1641576511.823303,0.0
1641576511.830303,0.0
1641576511.836303,5.627053260803223
1641576511.843303,4.505248069763184
1641576511.850303,0.0
1641576511.8573031,4.638437271118164
1641576511.864303,0.0
1641576511.871303,4.6819915771484375
1641576511.8773031,0.0
1641576511.884303,0.0
1641576511.891303,5.8046064376831055
1641576511.897303,4.9352521896362305
1641576511.905303,0.0
1641576511.911303,0.0
1641576511.918303,0.0
1641576511.925303,6.044425010681152
1641576511.931303,5.4062981605529785
1641576511.938303,0.0
1641576511.9463031,5.292468547821045
1641576511.952303,0.0
1641576511.9593031,5.136773586273193
1641576511.966303,5.2152018547058105
1641576511.9723032,0.0
1641576511.9793031,5.480871200561523
1641576511.986303,0.0
1641576511.993303,0.0
1641576512.000303,4.505248069763184
1641576512.006303,4.638437271118164
1641576512.013303,0.0
1641576512.020303,0.0
1641576512.027303,0.0
1641576512.034303,6.242655277252197
1641576512.0413032,0.0
1641576512.047303,5.44371223449707
1641576512.054303,5.2152018547058105
1641576512.060303,0.0
1641576512.067303,4.594470024108887
1641576512.075303,0.0
1641576512.0813031,0.0
1641576512.088303,0.0
1641576512.095303,4.852301120758057
1641576512.101303,4.725144386291504
1641576512.108303,4.893952369689941
1641576512.116303,0.0
1641576512.122303,0.0
1641576512.129303,0.0
1641576512.136303,0.0
1641576512.142303,5.292468547821045
1641576512.149303,0.0
1641576512.157303,5.01683235168457
1641576512.1633031,0.0
1641576512.170303,5.769532680511475
1641576512.1763031,0.0
1641576512.183303,0.0
1641576512.190303,5.8046064376831055
1641576512.1963031,0.0
1641576512.204303,0.0
1641576512.211303,0.0
1641576512.217303,0.0
1641576512.224303,0.0
1641576512.231303,4.810288906097412
1641576512.237303,0.0
1641576512.247303,0.0
1641576512.254303,0.0
1641576512.261303,0.0
1641576512.273638,0.0
1641576512.279638,5.51777982711792
1641576512.286638,0.0
1641576512.293638,5.942830562591553
1641576512.300638,0.0
1641576512.307638,0.0
1641576512.313638,0.0
1641576512.320638,0.0
1641576512.327638,5.51777982711792
1641576512.334638,0.0
1641576512.341638,4.6819915771484375
1641576512.348638,6.275084972381592
1641576512.354638,0.0
1641576512.361638,5.136773586273193
1641576512.367638,0.0
1641576512.375638,5.6987385749816895
1641576512.382638,6.210056304931641
1641576512.388638,0.0
1641576512.395638,4.97620964050293
1641576512.402638,0.0
1641576512.408638,0.0
1641576512.416638,0.0
1641576512.422638,0.0
1641576512.429638,0.0
1641576512.436638,0.0
1641576512.442638,0.0
1641576512.449638,7.67216157913208
1641576512.456638,5.4062981605529785
1641576512.463638,0.0
1641576512.470638,7.77726411819458
1641576512.477638,0.0
1641576512.483638,5.627053260803223
1641576512.490638,0.0
1641576512.497638,0.0
1641576512.504638,4.55007791519165
1641576512.511638,6.590610027313232
1641576512.517638,0.0
1641576512.524638,5.253977298736572
1641576512.531638,0.0
1641576512.537638,0.0
1641576512.545638,5.01683235168457
1641576512.552638,0.0
1641576512.558638,6.339446544647217
1641576512.565638,0.0
1641576512.572638,0.0
1641576512.578638,5.663009166717529
1641576512.585638,0.0
1641576512.592638,0.0
1641576512.599638,5.627053260803223
1641576512.606638,0.0
1641576512.612638,0.0
1641576512.619638,0.0
1641576512.626638,0.0
1641576512.633638,0.0
1641576512.640638,0.0
1641576512.647638,0.0
1641576512.6536381,0.0
1641576512.660638,0.0
1641576512.667638,5.253977298736572
1641576512.674638,4.6819915771484375
1641576512.681638,5.05712890625
1641576512.687638,0.0
1641576512.694638,0.0
1641576512.701638,0.0
1641576512.707638,0.0
1641576512.715638,0.0
1641576512.722638,0.0
1641576512.728638,0.0
1641576512.735638,5.368622779846191
1641576512.742638,0.0
1641576512.748638,5.05712890625
1641576512.7556381,5.942830562591553
1641576512.762638,0.0
1641576512.769638,4.6819915771484375
1641576512.776638,5.769532680511475
1641576512.782638,0.0
1641576512.789638,4.852301120758057
1641576512.796638,0.0
1641576512.803638,6.044425010681152
1641576512.810638,5.8741254806518555
1641576512.817638,0.0
1641576512.823638,5.6987385749816895
1641576512.830638,5.292468547821045
1641576512.837638,5.5908660888671875
1641576512.844638,5.7342448234558105
1641576512.851638,0.0
1641576512.8576381,0.0
1641576512.864638,5.05712890625
1641576512.871638,0.0
1641576512.877638,0.0
1641576512.885638,0.0
1641576512.892638,5.5908660888671875
1641576512.898638,0.0
1641576512.905638,0.0
1641576512.912638,0.0
1641576512.918638,0.0
1641576512.925638,4.810288906097412
1641576512.933638,6.275084972381592
1641576512.939638,0.0
1641576512.946638,4.9352521896362305
1641576512.952638,0.0
1641576512.959638,0.0
1641576512.966638,6.7126688957214355
1641576512.973638,0.0
1641576512.980638,0.0
1641576512.987638,0.0
1641576512.993638,0.0
1641576513.000638,5.8741254806518555
1641576513.007638,0.0
1641576513.014638,0.0
1641576513.021638,4.638437271118164
1641576513.027638,0.0
1641576513.034638,0.0
1641576513.041638,5.292468547821045
1641576513.047638,0.0
1641576513.054638,5.8046064376831055
1641576513.062638,0.0
1641576513.068638,0.0
1641576513.075638,6.111216068267822
1641576513.082638,0.0
1641576513.088638,0.0
1641576513.095638,5.05712890625
1641576513.103638,5.292468547821045
1641576513.109638,6.077912330627441
1641576513.116638,5.942830562591553
1641576513.123638,4.97620964050293
1641576513.129638,0.0
1641576513.136638,0.0
1641576513.143638,0.0
1641576513.150638,0.0
1641576513.157638,0.0
1641576513.163638,0.0
1641576513.170638,0.0
1641576513.177638,7.5117506980896
1641576513.184638,0.0
1641576513.191638,5.554443359375
1641576513.198638,6.466248035430908
1641576513.204638,0.0
1641576513.211638,0.0
1641576513.218638,4.893952369689941
1641576513.224638,0.0
1641576513.2326381,5.6987385749816895
1641576513.238638,0.0
1641576513.245638,5.908577919006348
1641576513.252638,0.0
1641576513.258638,6.077912330627441
1641576513.265638,6.111216068267822
1641576513.273638,4.594470024108887
1641576513.279638,5.09710693359375
1641576513.286638,5.44371223449707
1641576513.293638,5.2152018547058105
1641576513.299638,0.0
1641576513.306638,0.0
1641576513.313638,0.0
1641576513.320638,6.742838382720947
1641576513.327638,0.0
1641576513.333638,0.0
1641576513.340638,0.0
1641576513.347638,4.6819915771484375
1641576513.353638,0.0
1641576513.361638,0.0
