1641576107.0905714
1641576107.0878165,-3.547435998916626
1641576107.0948164,-3.604198694229126
1641576107.1008165,0.0
1641576107.1078165,0.0
1641576107.1158164,0.0
1641576107.1218164,-4.414223670959473
1641576107.1288164,0.0
1641576107.1358163,5.5908660888671875
1641576107.1418164,0.0
1641576107.1488163,4.594470024108887
1641576107.1568165,5.8046064376831055
1641576107.1628163,0.0
1641576107.1698165,0.0
1641576107.1768165,5.51777982711792
1641576107.1828163,5.330681800842285
1641576107.1898165,0.0
1641576107.1958163,0.0
1641576107.2038164,0.0
1641576107.2108164,0.0
1641576107.2168164,0.0
1641576107.2238164,7.037423133850098
1641576107.2308164,0.0
1641576107.2368164,5.8741254806518555
1641576107.2448163,6.434782028198242
1641576107.2508163,0.0
1641576107.2578163,5.292468547821045
1641576107.2648163,0.0
1641576107.2718165,5.09710693359375
1641576107.2778163,6.921093940734863
1641576107.2858164,6.144339561462402
1641576107.2918165,0.0
1641576107.2988164,6.144339561462402
1641576107.3058164,0.0
1641576107.3118165,4.810288906097412
1641576107.3188164,0.0
1641576107.3268163,5.942830562591553
1641576107.3328164,0.0
1641576107.3398163,0.0
1641576107.3468163,6.371383190155029
1641576107.3528163,4.9352521896362305
1641576107.3598163,5.330681800842285
1641576107.3658164,4.594470024108887
1641576107.3738165,6.177285671234131
1641576107.3808165,0.0
1641576107.3868165,5.908577919006348
1641576107.3938165,0.0
1641576107.4008164,0.0
1641576107.4068165,6.497561454772949
1641576107.4148164,5.976887226104736
1641576107.4208164,0.0
1641576107.4278164,0.0
1641576107.4348164,0.0
1641576107.4418163,5.330681800842285
1641576107.4618163,0.0
1641576107.4688163,0.0
1641576107.4758165,0.0
1641576107.4818163,0.0
1641576107.4888165,6.111216068267822
1641576107.4958165,0.0
1641576107.5028164,5.368622779846191
1641576107.5098164,0.0
1641576107.5158165,0.0
1641576107.5228164,-3.9789276123046875
1641576107.5298164,0.0
1641576107.5358164,0.0
1641576107.5438163,0.0
1641576107.5508163,5.627053260803223
1641576107.5568163,0.0
1641576107.5638163,5.8741254806518555
1641576107.5708163,-4.459968090057373
1641576107.5768163,0.0
1641576107.5848165,0.0
1641576107.5918164,5.769532680511475
1641576107.5978165,0.0
1641576107.6048164,0.0
1641576107.6118164,5.136773586273193
1641576107.6178164,0.0
1641576107.6258163,4.893952369689941
1641576107.6318164,0.0
1641576107.6388164,5.368622779846191
1641576107.6458163,0.0
1641576107.6518164,5.554443359375
1641576107.6588163,-3.715122938156128
1641576107.6658163,4.767906665802002
1641576107.6728163,-4.177995681762695
1641576107.6798165,0.0
1641576107.6868165,-3.875561237335205
1641576107.6928165,0.0
1641576107.6998165,0.0
1641576107.7058163,0.0
1641576107.7138164,5.4062981605529785
1641576107.7208164,0.0
1641576107.7268164,0.0
1641576107.7338164,0.0
1641576107.7408164,0.0
1641576107.7468164,0.0
1641576107.7548163,6.891704559326172
1641576107.7618165,0.0
1641576107.7678163,6.891704559326172
1641576107.7748163,-3.547435998916626
1641576107.7818165,6.772873401641846
1641576107.7878163,0.0
1641576107.7958164,0.0
1641576107.8018165,0.0
1641576107.8088164,0.0
1641576107.8158164,5.4062981605529785
1641576107.8218164,0.0
1641576107.8288164,6.590610027313232
1641576107.8358164,0.0
1641576107.8428164,5.44371223449707
1641576107.8498163,0.0
1641576107.8558164,0.0
1641576107.8628163,4.893952369689941
1641576107.8698163,0.0
1641576107.8758163,0.0
1641576107.8838165,0.0
1641576107.8908165,0.0
1641576107.8968165,5.176136493682861
1641576107.9038165,0.0
1641576107.9108164,-3.660081148147583
1641576107.9168165,6.466248035430908
1641576107.9248164,0.0
1641576107.9318163,5.2152018547058105
1641576107.9378164,0.0
1641576107.9448164,4.810288906097412
1641576107.9508164,0.0
1641576107.9578164,7.264494895935059
1641576107.9678164,6.466248035430908
1641576107.9748163,0.0
1641576107.9818163,4.852301120758057
1641576107.9878163,0.0
1641576107.998306,6.010750770568848
1641576108.005306,0.0
1641576108.011306,4.638437271118164
1641576108.0193062,0.0
1641576108.0263062,5.253977298736572
1641576108.032306,0.0
1641576108.0393062,0.0
1641576108.045306,0.0
1641576108.0523062,0.0
1641576108.060306,5.44371223449707
1641576108.066306,-4.029616832733154
1641576108.073306,6.5287251472473145
1641576108.080306,0.0
1641576108.086306,0.0
1641576108.093306,0.0
1641576108.101306,0.0
1641576108.107306,0.0
1641576108.114306,4.767906665802002
1641576108.1213062,4.810288906097412
1641576108.127306,0.0
1641576108.134306,0.0
1641576108.1413062,0.0
1641576108.1483061,4.725144386291504
1641576108.155306,0.0
1641576108.1613061,0.0
1641576108.168306,0.0
1641576108.175306,5.01683235168457
1641576108.1813061,0.0
1641576108.189306,5.627053260803223
1641576108.196306,0.0
1641576108.202306,0.0
1641576108.209306,0.0
1641576108.215306,0.0
1641576108.222306,0.0
1641576108.2303061,0.0
1641576108.236306,0.0
1641576108.2433062,-4.6819915771484375
1641576108.2503061,5.136773586273193
1641576108.2563062,0.0
1641576108.2633061,0.0
1641576108.271306,5.01683235168457
1641576108.277306,4.6819915771484375
1641576108.284306,0.0
1641576108.291306,4.505248069763184
1641576108.297306,5.09710693359375
1641576108.304306,0.0
1641576108.311306,0.0
1641576108.318306,-4.177995681762695
1641576108.3253062,5.8741254806518555
1641576108.331306,0.0
1641576108.338306,5.330681800842285
1641576108.3453062,0.0
1641576108.351306,0.0
1641576108.359306,0.0
1641576108.366306,0.0
1641576108.372306,0.0
1641576108.379306,0.0
1641576108.3853061,0.0
1641576108.392306,0.0
1641576108.400306,0.0
1641576108.406306,0.0
1641576108.413306,0.0
1641576108.420306,0.0
1641576108.426306,0.0
1641576108.433306,0.0
1641576108.441306,5.5908660888671875
1641576108.4473062,0.0
1641576108.4543061,0.0
1641576108.4603062,0.0
1641576108.4673061,0.0
1641576108.474306,0.0
1641576108.482306,-3.489750385284424
1641576108.488306,0.0
1641576108.495306,0.0
1641576108.501306,6.921093940734863
1641576108.508306,-4.226297378540039
1641576108.515306,5.942830562591553
1641576108.521306,0.0
1641576108.5293062,4.594470024108887
1641576108.5363061,5.769532680511475
1641576108.542306,0.0
1641576108.5493062,0.0
1641576108.555306,0.0
1641576108.5623062,0.0
1641576108.570306,5.368622779846191
1641576108.576306,0.0
1641576108.583306,0.0
1641576108.590306,6.40316104888916
1641576108.596306,6.434782028198242
1641576108.603306,5.5908660888671875
1641576108.611306,0.0
1641576108.617306,0.0
1641576108.624306,0.0
1641576108.6313062,0.0
1641576108.637306,0.0
1641576108.6443062,0.0
1641576108.6513062,5.8394694328308105
1641576108.6583061,-4.226297378540039
1641576108.665306,5.44371223449707
1641576108.6713061,-4.725144386291504
1641576108.678306,4.97620964050293
1641576108.685306,-3.604198694229126
1641576108.691306,0.0
1641576108.699306,5.2152018547058105
1641576108.706306,0.0
1641576108.712306,0.0
1641576108.719306,0.0
1641576108.725306,0.0
1641576108.732306,0.0
1641576108.7403061,0.0
1641576108.7463062,0.0
1641576108.7533062,6.621335506439209
1641576108.7603061,0.0
1641576108.7663062,4.97620964050293
1641576108.7733061,0.0
1641576108.781306,0.0
1641576108.787306,0.0
1641576108.794306,0.0
1641576108.801306,0.0
1641576108.807306,5.292468547821045
1641576108.814306,0.0
1641576108.820306,0.0
1641576108.828306,5.01683235168457
1641576108.8353062,0.0
1641576108.8423061,4.810288906097412
1641576108.8483062,-3.604198694229126
1641576108.8553061,0.0
1641576108.861306,0.0
1641576108.869306,0.0
1641576108.876306,0.0
1641576108.882306,0.0
1641576108.889306,0.0
1641576108.896306,0.0
1641576108.902306,4.6819915771484375
1641576108.910306,-4.459968090057373
1641576108.917306,5.2152018547058105
1641576108.923306,0.0
1641576108.930306,6.590610027313232
1641576108.936306,4.893952369689941
1641576108.943306,5.01683235168457
1641576108.951306,0.0
1641576108.9573061,-3.875561237335205
1641576108.964306,0.0
1641576108.971306,0.0
1641576108.9773061,0.0
1641576108.984306,0.0
1641576108.991306,4.594470024108887
1641576108.998306,-5.09713077545166
1641576109.005306,0.0
1641576109.012306,-4.414223670959473
1641576109.018306,0.0
1641576109.025306,5.09710693359375
1641576109.031306,0.0
1641576109.0393062,5.51777982711792
1641576109.0463061,0.0
1641576109.0523062,5.480871200561523
1641576109.0593061,0.0
1641576109.066306,5.480871200561523
1641576109.0723062,0.0
1641576109.080306,5.8394694328308105
1641576109.086306,0.0
1641576109.093306,5.663009166717529
1641576109.100306,0.0
1641576109.106306,0.0
1641576109.113306,-3.8228299617767334
1641576109.120306,5.09710693359375
1641576109.127306,4.725144386291504
1641576109.134306,5.554443359375
1641576109.1413062,0.0
1641576109.147306,0.0
1641576109.1543062,0.0
1641576109.160306,0.0
1641576109.168306,6.275084972381592
1641576109.175306,0.0
1641576109.182306,5.5908660888671875
1641576109.188306,5.368622779846191
1641576109.195306,5.176136493682861
1641576109.201306,0.0
1641576109.209306,0.0
1641576109.216306,0.0
1641576109.222306,0.0
1641576109.229306,0.0
1641576109.236306,0.0
1641576109.242306,5.769532680511475
1641576109.2503061,0.0
1641576109.2563062,0.0
1641576109.2633061,-4.029616832733154
1641576109.270306,0.0
1641576109.2763062,0.0
1641576109.2833061,0.0
1641576109.290306,0.0
1641576109.297306,0.0
1641576109.304306,5.51777982711792
1641576109.311306,0.0
1641576109.317306,0.0
1641576109.324306,0.0
1641576109.331306,0.0
1641576109.338306,-4.177995681762695
1641576109.3453062,0.0
1641576109.351306,0.0
1641576109.3583062,5.554443359375
1641576109.3653061,0.0
1641576109.3713062,0.0
1641576109.379306,0.0
1641576109.386306,0.0
1641576109.392306,5.554443359375
1641576109.399306,-4.274054050445557
1641576109.406306,4.767906665802002
1641576109.412306,0.0
1641576109.419306,6.210056304931641
1641576109.426306,0.0
1641576109.433306,0.0
1641576109.440306,0.0
1641576109.446306,0.0
1641576109.453306,0.0
1641576109.4603062,0.0
1641576109.4673061,0.0
1641576109.474306,-3.660081148147583
1641576109.481306,0.0
1641576109.487306,0.0
1641576109.494306,5.253977298736572
1641576109.501306,0.0
1641576109.508306,0.0
1641576109.515306,-4.226297378540039
1641576109.522306,6.339446544647217
1641576109.528306,0.0
1641576109.535306,0.0
1641576109.541306,0.0
1641576109.5493062,0.0
1641576109.5563061,0.0
1641576109.5623062,0.0
1641576109.5693061,0.0
1641576109.576306,0.0
1641576109.5823061,0.0
1641576109.589306,-4.594470024108887
1641576109.596306,0.0
1641576109.603306,0.0
1641576109.610306,6.044425010681152
1641576109.616306,0.0
1641576109.623306,0.0
1641576109.630306,0.0
1641576109.637306,0.0
1641576109.6443062,5.4062981605529785
1641576109.6513062,0.0
1641576109.657306,4.97620964050293
1641576109.6643062,4.9352521896362305
1641576109.6713061,0.0
1641576109.678306,0.0
1641576109.685306,0.0
1641576109.691306,0.0
1641576109.698306,0.0
1641576109.705306,4.725144386291504
1641576109.711306,0.0
1641576109.719306,5.51777982711792
1641576109.726306,0.0
1641576109.732306,5.253977298736572
1641576109.739306,0.0
1641576109.7463062,0.0
1641576109.752306,0.0
1641576109.759306,5.480871200561523
1641576109.767306,0.0
1641576109.7733061,4.9352521896362305
1641576109.780306,0.0
1641576109.7863061,0.0
1641576109.793306,0.0
1641576109.800306,0.0
1641576109.807306,5.330681800842285
1641576109.814306,0.0
1641576109.821306,0.0
1641576109.827306,-4.725144386291504
1641576109.834306,5.554443359375
1641576109.841306,0.0
1641576109.8483062,6.210056304931641
1641576109.8553061,0.0
1641576109.862306,6.010750770568848
1641576109.8683062,0.0
1641576109.8753061,0.0
1641576109.8813062,0.0
1641576109.8883061,0.0
1641576109.896306,0.0
1641576109.902306,0.0
1641576109.909306,0.0
1641576109.916306,0.0
1641576109.922306,6.044425010681152
1641576109.929306,4.893952369689941
1641576109.9373062,5.769532680511475
1641576109.943306,6.307347774505615
1641576109.9503062,0.0
1641576109.9573061,6.275084972381592
1641576109.963306,5.51777982711792
1641576109.9703062,5.6987385749816895
1641576109.9773061,-4.274054050445557
1641576109.984306,5.8741254806518555
1641576109.991306,0.0
1641576109.997306,5.4062981605529785
1641576110.004306,0.0
1641576110.011306,6.651919364929199
1641576110.018306,5.05712890625
1641576110.025306,5.01683235168457
1641576110.031306,0.0
1641576110.038306,4.594470024108887
1641576110.045306,4.97620964050293
1641576110.051306,0.0
1641576110.058306,5.480871200561523
1641576110.066306,5.769532680511475
1641576110.0723062,0.0
1641576110.0793061,0.0
1641576110.086306,0.0
1641576110.0923061,0.0
1641576110.099306,0.0
1641576110.107306,5.253977298736572
1641576110.113306,0.0
1641576110.120306,6.210056304931641
1641576110.127306,-4.767906665802002
1641576110.133306,5.663009166717529
1641576110.140306,0.0
1641576110.147306,0.0
1641576110.1543062,6.242655277252197
1641576110.1613061,0.0
1641576110.167306,5.05712890625
1641576110.1743062,-3.604198694229126
1641576110.1813061,5.976887226104736
1641576110.1873062,0.0
1641576110.195306,0.0
1641576110.202306,-4.852301120758057
1641576110.208306,0.0
1641576110.215306,6.832547664642334
1641576110.222306,5.942830562591553
1641576110.228306,0.0
1641576110.236306,0.0
1641576110.242306,-3.489750385284424
1641576110.249306,0.0
1641576110.2563062,5.2152018547058105
1641576110.262306,0.0
1641576110.2693062,5.976887226104736
1641576110.277306,0.0
1641576110.2833061,5.8046064376831055
1641576110.290306,0.0
1641576110.297306,4.9352521896362305
1641576110.303306,0.0
1641576110.310306,0.0
1641576110.318306,4.97620964050293
1641576110.324306,4.767906665802002
1641576110.331306,4.852301120758057
1641576110.337306,0.0
1641576110.344306,5.942830562591553
1641576110.351306,0.0
1641576110.357306,6.210056304931641
1641576110.3653061,0.0
1641576110.372306,0.0
1641576110.3783062,0.0
1641576110.3853061,0.0
1641576110.3913062,0.0
1641576110.3983061,0.0
1641576110.406306,5.44371223449707
1641576110.412306,0.0
1641576110.419306,0.0
1641576110.426306,-3.7693612575531006
1641576110.432306,4.893952369689941
1641576110.439306,0.0
1641576110.4473062,6.242655277252197
1641576110.453306,0.0
1641576110.4603062,5.6987385749816895
1641576110.4673061,4.725144386291504
1641576110.476306,6.111216068267822
1641576110.482306,0.0
1641576110.4903061,-4.129128456115723
1641576110.5017421,0.0
1641576110.5077422,0.0
1641576110.5147421,0.0
1641576110.521742,0.0
1641576110.5277421,4.97620964050293
1641576110.5357423,4.852301120758057
1641576110.5427423,5.330681800842285
1641576110.5487423,4.767906665802002
1641576110.5557423,0.0
1641576110.5687423,-3.8228299617767334
1641576110.5757422,0.0
1641576110.5827422,0.0
1641576110.5897422,5.01683235168457
1641576110.5967422,6.010750770568848
1641576110.6027422,0.0
1641576110.6097422,4.767906665802002
1641576110.6167421,0.0
1641576110.623742,0.0
1641576110.6307423,0.0
1641576110.6377423,5.292468547821045
1641576110.643742,-3.604198694229126
1641576110.6507423,5.6987385749816895
1641576110.6577423,-3.927584409713745
1641576110.6647422,6.40316104888916
1641576110.6717422,0.0
1641576110.6777422,0.0
1641576110.6847422,0.0
1641576110.6917422,6.434782028198242
1641576110.6977422,0.0
1641576110.7057421,0.0
1641576110.712742,0.0
1641576110.7187421,0.0
1641576110.725742,0.0
1641576110.7317421,0.0
1641576110.738742,6.371383190155029
1641576110.745742,0.0
1641576110.7537422,6.177285671234131
1641576110.7597423,0.0
1641576110.7667422,0.0
1641576110.7727423,0.0
1641576110.7797422,0.0
1641576110.7867422,0.0
1641576110.7937422,0.0
1641576110.8007421,5.05712890625
1641576110.807742,0.0
1641576110.8137422,5.480871200561523
1641576110.8207421,0.0
1641576110.827742,4.893952369689941
1641576110.8347423,0.0
1641576110.8417423,0.0
1641576110.847742,0.0
1641576110.8547423,5.5908660888671875
1641576110.8617423,0.0
1641576110.8677423,0.0
1641576110.8757422,5.2152018547058105
1641576110.8827422,0.0
1641576110.8887422,0.0
1641576110.8957422,-3.604198694229126
1641576110.9027421,6.044425010681152
1641576110.9087422,4.893952369689941
1641576110.9157422,5.44371223449707
1641576110.9237423,5.7342448234558105
1641576110.929742,0.0
1641576110.9367423,0.0
1641576110.942742,5.253977298736572
1641576110.949742,0.0
1641576110.9567423,0.0
1641576110.9637423,0.0
1641576110.9707422,6.832547664642334
1641576110.9777422,0.0
1641576110.9837422,0.0
1641576110.9907422,0.0
1641576110.9967422,0.0
1641576111.0047421,6.466248035430908
1641576111.011742,0.0
1641576111.018742,5.908577919006348
1641576111.0247421,4.810288906097412
1641576111.031742,0.0
1641576111.0377421,4.594470024108887
1641576111.044742,4.594470024108887
1641576111.0527422,4.505248069763184
1641576111.0587423,5.4062981605529785
1641576111.0657423,4.9352521896362305
1641576111.0727422,6.077912330627441
1641576111.0787423,4.852301120758057
1641576111.0857422,0.0
1641576111.0937421,5.368622779846191
1641576111.1067421,6.682363033294678
1641576111.1127422,0.0
1641576111.1197422,4.594470024108887
1641576111.1267421,5.554443359375
1641576111.133742,0.0
1641576111.1407423,0.0
1641576111.1477423,0.0
1641576111.1537423,5.663009166717529
1641576111.1607423,0.0
1641576111.1677423,6.144339561462402
1641576111.1747422,0.0
1641576111.1817422,6.275084972381592
1641576111.1887422,-4.029616832733154
1641576111.1947422,5.7342448234558105
1641576111.2017422,0.0
1641576111.2077422,0.0
1641576111.2147422,6.210056304931641
1641576111.222742,0.0
1641576111.2287421,0.0
1641576111.235742,0.0
1641576111.2427423,5.7342448234558105
1641576111.248742,0.0
1641576111.2557423,5.44371223449707
1641576111.2627423,0.0
1641576111.2697423,5.942830562591553
1641576111.2767422,0.0
1641576111.2837422,5.942830562591553
1641576111.2897422,4.594470024108887
1641576111.2967422,0.0
1641576111.3037422,0.0
1641576111.3107421,5.05712890625
1641576111.317742,0.0
1641576111.3237422,6.111216068267822
1641576111.3307421,5.8394694328308105
1641576111.337742,0.0
1641576111.3437421,4.505248069763184
1641576111.3517423,0.0
1641576111.3577423,0.0
1641576111.3647423,0.0
1641576111.3717422,0.0
1641576111.3777423,-4.725144386291504
1641576111.3847423,5.4062981605529785
1641576111.3927422,5.136773586273193
1641576111.3987422,0.0
1641576111.4057422,-4.459968090057373
1641576111.4127421,0.0
1641576111.4187422,0.0
1641576111.4257421,0.0
1641576111.432742,0.0
1641576111.439742,0.0
1641576111.4467423,5.7342448234558105
1641576111.452742,0.0
1641576111.4597423,0.0
1641576111.4667423,0.0
1641576111.4737422,5.554443359375
1641576111.4807422,0.0
1641576111.4877422,7.037423133850098
1641576111.4937422,0.0
1641576111.5007422,0.0
1641576111.5077422,5.05712890625
1641576111.5137422,0.0
1641576111.521742,0.0
1641576111.5287423,6.077912330627441
1641576111.534742,5.176136493682861
1641576111.541742,0.0
1641576111.5477421,5.908577919006348
1641576111.554742,0.0
1641576111.5627422,0.0
1641576111.5687423,6.010750770568848
1641576111.5757422,0.0
1641576111.5827422,4.6819915771484375
1641576111.5887423,0.0
1641576111.5957422,0.0
1641576111.6037421,4.505248069763184
1641576111.6097422,0.0
1641576111.6167421,0.0
1641576111.623742,6.077912330627441
1641576111.6297421,-4.725144386291504
1641576111.636742,5.942830562591553
1641576111.643742,0.0
1641576111.6507423,5.6987385749816895
1641576111.6577423,0.0
1641576111.6637423,6.275084972381592
1641576111.6707423,0.0
1641576111.6777422,0.0
1641576111.6837423,4.9352521896362305
1641576111.6917422,4.725144386291504
1641576111.6987422,4.767906665802002
1641576111.7047422,0.0
1641576111.7117422,5.769532680511475
1641576111.7177422,0.0
1641576111.7247422,0.0
1641576111.7327423,-4.414223670959473
1641576111.738742,4.725144386291504
1641576111.745742,-4.9352521896362305
1641576111.7527423,6.144339561462402
1641576111.758742,0.0
1641576111.7657423,4.55007791519165
1641576111.7737422,0.0
1641576111.7797422,6.275084972381592
1641576111.7867422,0.0
1641576111.7937422,4.55007791519165
1641576111.7997422,0.0
1641576111.8067422,6.044425010681152
1641576111.8127422,0.0
1641576111.8207421,0.0
1641576111.827742,0.0
1641576111.8337421,-3.547435998916626
1641576111.840742,0.0
1641576111.847742,-3.489750385284424
1641576111.8537421,6.497561454772949
1641576111.8617423,0.0
1641576111.8687422,5.292468547821045
1641576111.8747423,0.0
1641576111.8817422,0.0
1641576111.8877423,0.0
1641576111.8947423,0.0
1641576111.9027421,0.0
1641576111.9087422,6.497561454772949
1641576111.9157422,0.0
1641576111.9227421,0.0
1641576111.9287422,0.0
1641576111.9357421,0.0
1641576111.9437423,4.852301120758057
1641576111.949742,0.0
1641576111.9567423,5.769532680511475
1641576111.962742,0.0
1641576111.9697423,6.242655277252197
1641576111.9767423,5.908577919006348
1641576111.9827423,5.09710693359375
1641576111.9907422,5.44371223449707
1641576111.9977422,0.0
1641576112.0037422,5.330681800842285
1641576112.0107422,0.0
1641576112.0177422,5.292468547821045
1641576112.0237422,0.0
1641576112.031742,6.177285671234131
1641576112.0377421,0.0
1641576112.044742,6.044425010681152
1641576112.051742,0.0
1641576112.0587423,5.51777982711792
1641576112.064742,0.0
1641576112.0727422,0.0
1641576112.0787423,0.0
1641576112.0857422,5.09710693359375
1641576112.0927422,0.0
1641576112.0987422,0.0
1641576112.1057422,5.976887226104736
1641576112.113742,0.0
1641576112.1197422,0.0
1641576112.1267421,0.0
1641576112.133742,6.9503583908081055
1641576112.1397421,-3.875561237335205
1641576112.146742,5.292468547821045
1641576112.1527421,4.9352521896362305
1641576112.1607423,5.253977298736572
1641576112.1677423,0.0
1641576112.1737423,0.0
1641576112.1807423,0.0
1641576112.1877422,0.0
1641576112.1937423,0.0
1641576112.2017422,0.0
1641576112.2087421,4.638437271118164
1641576112.2147422,0.0
1641576112.2217422,0.0
1641576112.2287421,-3.875561237335205
1641576112.2347422,6.177285671234131
1641576112.2427423,0.0
1641576112.248742,5.663009166717529
1641576112.2557423,0.0
1641576112.2627423,0.0
1641576112.268742,0.0
1641576112.2757423,0.0
1641576112.2837422,4.594470024108887
1641576112.2897422,0.0
1641576112.2967422,0.0
1641576112.3027422,0.0
1641576112.3097422,5.942830562591553
1641576112.3167422,0.0
1641576112.3227422,0.0
1641576112.3307421,0.0
1641576112.337742,5.368622779846191
1641576112.3437421,0.0
1641576112.350742,0.0
1641576112.3577423,0.0
1641576112.363742,0.0
1641576112.3717422,6.010750770568848
1641576112.3787422,0.0
1641576112.3847423,5.8046064376831055
1641576112.3917422,0.0
1641576112.3987422,6.177285671234131
1641576112.4047422,0.0
1641576112.4127421,5.51777982711792
1641576112.4187422,0.0
1641576112.4257421,0.0
1641576112.432742,0.0
1641576112.4387422,6.010750770568848
1641576112.4457421,0.0
1641576112.452742,0.0
1641576112.4597423,0.0
1641576112.4667423,0.0
1641576112.472742,0.0
1641576112.4797423,0.0
1641576112.4867423,6.339446544647217
1641576112.4927423,0.0
1641576112.5007422,4.505248069763184
1641576112.5077422,0.0
1641576112.5137422,6.339446544647217
1641576112.5207422,0.0
1641576112.5277421,5.368622779846191
1641576112.5337422,0.0
1641576112.541742,-3.604198694229126
1641576112.5487423,5.368622779846191
1641576112.554742,4.97620964050293
1641576112.5617423,0.0
1641576112.5687423,4.55007791519165
1641576112.574742,0.0
1641576112.5827422,0.0
1641576112.5887423,0.0
1641576112.5957422,0.0
1641576112.6027422,4.594470024108887
1641576112.6087422,0.0
1641576112.6157422,0.0
1641576112.6227422,0.0
1641576112.6297421,0.0
1641576112.636742,5.480871200561523
1641576112.643742,5.136773586273193
1641576112.6497421,0.0
1641576112.656742,0.0
1641576112.6637423,5.253977298736572
1641576112.6707423,0.0
1641576112.6777422,6.466248035430908
1641576112.6837423,-3.660081148147583
1641576112.6907423,6.307347774505615
1641576112.6977422,4.9352521896362305
1641576112.7037423,6.010750770568848
1641576112.7117422,4.852301120758057
1641576112.7187421,0.0
1641576112.7247422,0.0
1641576112.7317421,0.0
1641576112.7377422,0.0
1641576112.7447422,8.134468078613281
1641576112.7517421,4.810288906097412
1641576112.758742,0.0
1641576112.7657423,0.0
1641576112.7727423,-3.604198694229126
1641576112.7787423,5.663009166717529
1641576112.7857423,-4.177995681762695
1641576112.7927423,5.05712890625
1641576112.7997422,0.0
1641576112.8067422,6.210056304931641
1641576112.8137422,0.0
1641576112.8197422,4.638437271118164
1641576112.8267422,0.0
1641576112.8337421,-3.8228299617767334
1641576112.840742,0.0
1641576112.847742,0.0
1641576112.8537421,0.0
1641576112.860742,0.0
1641576112.8677423,0.0
1641576112.873742,0.0
1641576112.8817422,0.0
1641576112.8887422,0.0
1641576112.8947423,0.0
1641576112.9017422,0.0
1641576112.9087422,5.554443359375
1641576112.9147422,0.0
1641576112.9217422,0.0
1641576112.929742,5.44371223449707
1641576112.9357421,0.0
1641576112.942742,6.497561454772949
1641576112.9487422,4.505248069763184
1641576112.9557421,5.554443359375
1641576112.962742,-3.8228299617767334
1641576112.9697423,5.908577919006348
1641576112.9767423,0.0
1641576112.985742,0.0
1641576112.9927423,0.0
1641576112.998742,0.0
1641576113.0057423,5.976887226104736
1641576113.0184655,0.0
1641576113.0254655,6.371383190155029
1641576113.0314655,-5.6987385749816895
1641576113.0384655,5.330681800842285
1641576113.0444655,0.0
1641576113.0514655,5.769532680511475
1641576113.0594656,0.0
1641576113.0654655,6.111216068267822
1641576113.0724657,0.0
1641576113.0794656,5.368622779846191
1641576113.0854654,-4.029616832733154
1641576113.0924656,4.6819915771484375
1641576113.0994656,0.0
1641576113.1064656,0.0
1641576113.1134655,0.0
1641576113.1194656,0.0
1641576113.1264656,6.371383190155029
1641576113.1334655,5.330681800842285
1641576113.1394656,5.769532680511475
1641576113.1474655,0.0
1641576113.1544654,-3.8228299617767334
1641576113.1604655,0.0
1641576113.1674654,6.077912330627441
1641576113.1744657,5.330681800842285
1641576113.1804655,0.0
1641576113.1884656,0.0
1641576113.1954656,-5.01683235168457
1641576113.2014656,5.09710693359375
1641576113.2084656,-3.547435998916626
1641576113.2144656,5.8741254806518555
1641576113.2214656,0.0
1641576113.2294655,0.0
1641576113.2354655,-4.505248069763184
1641576113.2424655,6.044425010681152
1641576113.2494655,0.0
1641576113.2554655,5.09710693359375
1641576113.2624655,6.371383190155029
1641576113.2684655,0.0
1641576113.2764657,4.767906665802002
1641576113.2834656,0.0
1641576113.2894657,5.44371223449707
1641576113.2964656,-3.604198694229126
1641576113.3034656,6.434782028198242
1641576113.3094656,-3.604198694229126
1641576113.3174655,6.590610027313232
1641576113.3244655,-3.7693612575531006
1641576113.3304656,5.136773586273193
1641576113.3374655,-3.547435998916626
1641576113.3444655,-4.129128456115723
1641576113.3504655,0.0
1641576113.3584654,0.0
1641576113.3644655,0.0
1641576113.3714654,0.0
1641576113.3784657,5.4062981605529785
1641576113.3844655,0.0
1641576113.3914657,5.5908660888671875
1641576113.3994656,0.0
1641576113.4054656,5.663009166717529
1641576113.4124656,0.0
1641576113.4194655,7.180184364318848
1641576113.4254656,0.0
1641576113.4324656,6.832547664642334
1641576113.4384656,0.0
1641576113.4464655,0.0
1641576113.4534655,0.0
1641576113.4604654,-4.129128456115723
1641576113.4664655,5.176136493682861
1641576113.4734654,0.0
1641576113.4794655,6.40316104888916
1641576113.4874656,-3.660081148147583
1641576113.4944656,6.5287251472473145
1641576113.5004656,-3.489750385284424
1641576113.5074656,0.0
1641576113.5144656,0.0
1641576113.5204656,5.627053260803223
1641576113.5284655,0.0
1641576113.5344656,0.0
1641576113.5414655,0.0
1641576113.5484655,5.769532680511475
1641576113.5544655,6.010750770568848
1641576113.5614655,-3.715122938156128
1641576113.5694656,4.852301120758057
1641576113.5754654,0.0
1641576113.5824656,5.8046064376831055
1641576113.5894656,-4.079675674438477
1641576113.5954657,0.0
1641576113.6024656,5.176136493682861
1641576113.6094656,5.09710693359375
1641576113.6164656,0.0
1641576113.6234655,4.893952369689941
1641576113.6294656,0.0
1641576113.6364655,0.0
1641576113.6434655,5.942830562591553
1641576113.6494656,0.0
1641576113.6574655,6.339446544647217
1641576113.6644657,5.136773586273193
1641576113.6704655,4.725144386291504
1641576113.6774654,0.0
1641576113.6844656,0.0
1641576113.6904655,0.0
1641576113.6984656,-3.604198694229126
1641576113.7044656,0.0
1641576113.7114656,4.638437271118164
1641576113.7184656,4.852301120758057
1641576113.7254655,-3.489750385284424
1641576113.7314656,4.55007791519165
1641576113.7394655,0.0
1641576113.7454655,0.0
1641576113.7524655,0.0
1641576113.7594655,0.0
1641576113.7654655,0.0
1641576113.7724655,6.010750770568848
1641576113.7794654,4.594470024108887
1641576113.7864656,5.942830562591553
1641576113.7934656,0.0
1641576113.8004656,5.976887226104736
1641576113.8064656,0.0
1641576113.8134656,5.554443359375
1641576113.8194656,5.09710693359375
1641576113.8274655,0.0
1641576113.8344655,0.0
1641576113.8404655,0.0
1641576113.8474655,0.0
1641576113.8544655,0.0
1641576113.8604655,0.0
1641576113.8684657,0.0
1641576113.8754656,5.253977298736572
1641576113.8814654,-3.547435998916626
1641576113.8884656,0.0
1641576113.8954656,5.01683235168457
1641576113.9014657,6.044425010681152
1641576113.9084656,0.0
1641576113.9154656,0.0
1641576113.9224656,0.0
1641576113.9294655,0.0
1641576113.9354656,5.627053260803223
1641576113.9424655,0.0
1641576113.9494655,6.077912330627441
1641576113.9564655,-4.368000507354736
1641576113.9634655,4.97620964050293
1641576113.9694655,0.0
1641576113.9764655,4.594470024108887
1641576113.9834654,6.5597405433654785
1641576113.9894655,6.010750770568848
1641576113.9974656,5.480871200561523
1641576114.0044656,-4.079675674438477
1641576114.0104656,4.810288906097412
1641576114.0174656,0.0
1641576114.0244656,0.0
1641576114.0304656,5.51777982711792
1641576114.0384655,0.0
1641576114.0444655,0.0
1641576114.0514655,4.505248069763184
1641576114.0584655,0.0
1641576114.0654655,4.638437271118164
1641576114.0714655,0.0
1641576114.0784655,5.6987385749816895
1641576114.0854654,0.0
1641576114.0924656,0.0
1641576114.0994656,4.893952369689941
1641576114.1054657,4.9352521896362305
1641576114.1124656,0.0
1641576114.1194656,0.0
1641576114.1264656,4.725144386291504
1641576114.1334655,0.0
1641576114.1394656,0.0
1641576114.1464655,-4.129128456115723
1641576114.1534655,6.590610027313232
1641576114.1594656,0.0
1641576114.1674654,0.0
1641576114.1744657,0.0
1641576114.1804655,0.0
1641576114.1874654,0.0
1641576114.1944656,6.111216068267822
1641576114.2004654,7.151859760284424
1641576114.2084656,5.253977298736572
1641576114.2154655,4.638437271118164
1641576114.2214656,-3.8228299617767334
1641576114.2284656,5.44371223449707
1641576114.2344656,0.0
1641576114.2414656,5.253977298736572
1641576114.2484655,-4.226297378540039
1641576114.2554655,5.09710693359375
1641576114.2624655,-3.604198694229126
1641576114.2694654,0.0
1641576114.2754655,0.0
1641576114.2824655,0.0
1641576114.2894657,5.09710693359375
1641576114.2964656,0.0
1641576114.3034656,4.725144386291504
1641576114.3094656,0.0
1641576114.3164656,0.0
1641576114.3234656,0.0
1641576114.3304656,6.044425010681152
1641576114.3374655,-5.01683235168457
1641576114.3444655,5.8741254806518555
1641576114.3504655,5.627053260803223
1641576114.3574655,0.0
1641576114.3644655,5.368622779846191
1641576114.3704655,0.0
1641576114.3774655,0.0
1641576114.3854656,-3.927584409713745
1641576114.3914657,5.44371223449707
1641576114.3984656,0.0
1641576114.4044654,0.0
1641576114.4114656,0.0
1641576114.4184656,6.434782028198242
1641576114.4254656,0.0
1641576114.4324656,5.4062981605529785
1641576114.4394655,-3.547435998916626
1641576114.4454656,0.0
1641576114.4524655,0.0
1641576114.4594655,0.0
1641576114.4664655,0.0
1641576114.4734654,4.55007791519165
1641576114.4794655,0.0
1641576114.4864655,6.371383190155029
1641576114.4934657,-4.274054050445557
1641576114.5004656,-4.414223670959473
1641576114.5074656,0.0
1641576114.5144656,-3.715122938156128
1641576114.5204656,0.0
1641576114.5274656,-5.136773586273193
1641576114.5344656,5.330681800842285
1641576114.5404656,0.0
1641576114.5474656,0.0
1641576114.5554655,5.01683235168457
1641576114.5614655,0.0
1641576114.5684655,5.292468547821045
1641576114.5744655,0.0
1641576114.5814655,4.97620964050293
1641576114.5884655,-4.505248069763184
1641576114.5954657,5.663009166717529
1641576114.6024656,-5.4062981605529785
1641576114.6094656,5.2152018547058105
1641576114.6154656,0.0
1641576114.6224656,0.0
1641576114.6294656,0.0
1641576114.6364655,4.810288906097412
1641576114.6434655,0.0
1641576114.6504655,0.0
1641576114.6564655,0.0
1641576114.6634655,0.0
1641576114.6704655,5.8046064376831055
1641576114.6764655,0.0
1641576114.6844656,5.554443359375
1641576114.6904655,4.725144386291504
1641576114.6974657,0.0
1641576114.7044656,5.2152018547058105
1641576114.7104654,0.0
1641576114.7174656,0.0
1641576114.7254655,5.330681800842285
1641576114.7314656,0.0
1641576114.7384655,0.0
1641576114.7454655,5.4062981605529785
1641576114.7514656,0.0
1641576114.7584655,5.942830562591553
1641576114.7654655,0.0
1641576114.7724655,5.7342448234558105
1641576114.7794654,0.0
1641576114.7854655,4.9352521896362305
1641576114.7924654,5.976887226104736
1641576114.7994657,0.0
1641576114.8064656,0.0
1641576114.8134656,0.0
1641576114.8204656,0.0
1641576114.8264656,0.0
1641576114.8334656,5.769532680511475
1641576114.8404655,-4.725144386291504
1641576114.8464656,6.466248035430908
1641576114.8544655,0.0
1641576114.8604655,5.8046064376831055
1641576114.8674655,-6.010771751403809
1641576114.8744655,5.368622779846191
1641576114.8804655,0.0
1641576114.8874655,0.0
1641576114.8954656,5.8046064376831055
1641576114.9014657,0.0
1641576114.9084656,5.627053260803223
1641576114.9144657,0.0
1641576114.9214656,5.44371223449707
1641576114.9284656,-4.725144386291504
1641576114.9364655,5.176136493682861
1641576114.9424655,0.0
1641576114.9494655,5.942830562591553
1641576114.9554656,-4.079675674438477
1641576114.9624655,0.0
1641576114.9694655,0.0
1641576114.9764655,0.0
1641576114.9834654,0.0
1641576114.9904656,5.627053260803223
1641576114.9964654,-5.09713077545166
1641576115.0034657,0.0
1641576115.0094655,0.0
1641576115.0164657,0.0
1641576115.0244656,0.0
1641576115.0314655,-4.594470024108887
1641576115.0374656,0.0
1641576115.0444655,-4.594470024108887
1641576115.0504656,5.769532680511475
1641576115.0574656,5.5908660888671875
1641576115.0654655,0.0
1641576115.0714655,5.7342448234558105
1641576115.0784655,0.0
1641576115.0854654,0.0
1641576115.0914655,0.0
1641576115.0984654,0.0
1641576115.1064656,4.6819915771484375
1641576115.1124656,5.292468547821045
1641576115.1194656,-3.660081148147583
1641576115.1254656,4.852301120758057
1641576115.1324656,0.0
1641576115.1394656,5.2152018547058105
1641576115.1454656,0.0
1641576115.1534655,4.893952369689941
1641576115.1604655,4.55007791519165
1641576115.1664655,5.4062981605529785
1641576115.1734655,0.0
1641576115.1794655,0.0
1641576115.1864655,4.852301120758057
1641576115.1944656,0.0
1641576115.2014656,6.651919364929199
1641576115.2074656,0.0
1641576115.2144656,0.0
1641576115.2204657,0.0
1641576115.2274656,5.176136493682861
1641576115.2354655,0.0
1641576115.2414656,5.2152018547058105
1641576115.2484655,-4.029616832733154
1641576115.2554655,0.0
1641576115.2614655,0.0
1641576115.2684655,0.0
1641576115.2754655,0.0
1641576115.2824655,4.725144386291504
1641576115.2894657,5.05712890625
1641576115.2954655,-4.414223670959473
1641576115.3024654,5.6987385749816895
1641576115.3094656,-3.715122938156128
1641576115.3154655,5.51777982711792
1641576115.3234656,0.0
1641576115.3304656,0.0
1641576115.3364656,0.0
1641576115.3434656,0.0
1641576115.3494656,0.0
1641576115.3564656,5.554443359375
1641576115.3644655,0.0
1641576115.3714654,4.6819915771484375
1641576115.3774655,-3.7693612575531006
1641576115.3844655,5.292468547821045
1641576115.3904655,6.307347774505615
1641576115.3974655,5.480871200561523
1641576115.4054656,5.51777982711792
1641576115.4114656,4.638437271118164
1641576115.4184656,0.0
1641576115.4254656,5.136773586273193
1641576115.4314656,6.434782028198242
1641576115.4384656,4.505248069763184
1641576115.4444656,0.0
1641576115.4524655,0.0
1641576115.4594655,0.0
1641576115.4654655,0.0
1641576115.4724655,-4.6819915771484375
1641576115.4794655,0.0
1641576115.4854655,0.0
1641576115.4964654,0.0
1641576115.5024655,0.0
1641576115.5094655,0.0
1641576115.519225,0.0
1641576115.525225,-4.414223670959473
1641576115.532225,4.638437271118164
1641576115.5392249,0.0
1641576115.5462248,0.0
1641576115.5532248,-3.8228299617767334
1641576115.5592248,0.0
1641576115.5662248,-4.321282386779785
1641576115.5732248,0.0
1641576115.580225,0.0
1641576115.587225,0.0
1641576115.594225,0.0
1641576115.600225,0.0
1641576115.607225,5.44371223449707
1641576115.613225,0.0
1641576115.6212249,5.176136493682861
1641576115.6282248,-3.7693612575531006
1641576115.6352248,4.810288906097412
1641576115.6412249,-4.55007791519165
1641576115.6482248,5.253977298736572
1641576115.6542249,-4.459968090057373
1641576115.6622248,6.802775859832764
1641576115.669225,-4.414223670959473
1641576115.6752248,7.094871997833252
1641576115.682225,0.0
1641576115.689225,5.09710693359375
1641576115.6952248,5.908577919006348
1641576115.702225,0.0
1641576115.709225,0.0
1641576115.716225,5.5908660888671875
1641576115.7232249,0.0
1641576115.7302248,-4.368000507354736
1641576115.736225,0.0
1641576115.7432249,0.0
1641576115.7502248,6.40316104888916
1641576115.7572248,0.0
1641576115.7642248,0.0
1641576115.7702248,0.0
1641576115.7772248,6.466248035430908
1641576115.784225,5.09710693359375
1641576115.791225,0.0
1641576115.798225,4.810288906097412
1641576115.804225,0.0
1641576115.811225,5.4062981605529785
1641576115.818225,0.0
1641576115.824225,0.0
1641576115.831225,0.0
1641576115.8392248,0.0
1641576115.8452249,0.0
1641576115.8522248,0.0
1641576115.8592248,-4.55007791519165
1641576115.8652248,0.0
1641576115.8722248,0.0
1641576115.8792248,0.0
1641576115.886225,0.0
1641576115.893225,0.0
1641576115.900225,4.55007791519165
1641576115.906225,0.0
1641576115.913225,0.0
1641576115.920225,0.0
1641576115.9272249,0.0
1641576115.9342248,-5.01683235168457
1641576115.940225,5.942830562591553
1641576115.9472249,-4.368000507354736
1641576115.9542248,4.97620964050293
1641576115.9612248,-3.715122938156128
1641576115.9682248,0.0
1641576115.9742248,0.0
1641576115.9812248,0.0
1641576115.988225,5.554443359375
1641576115.9942248,0.0
1641576116.001225,5.136773586273193
1641576116.009225,0.0
1641576116.015225,4.505248069763184
1641576116.022225,0.0
1641576116.0292249,4.893952369689941
1641576116.035225,0.0
1641576116.042225,0.0
1641576116.0492249,0.0
1641576116.0562248,0.0
1641576116.0632248,0.0
1641576116.0702248,5.663009166717529
1641576116.0762248,0.0
1641576116.0832248,0.0
1641576116.090225,0.0
1641576116.097225,0.0
1641576116.104225,4.97620964050293
1641576116.110225,0.0
1641576116.117225,0.0
1641576116.124225,-3.9789276123046875
1641576116.1312249,4.594470024108887
1641576116.1382248,0.0
1641576116.144225,0.0
1641576116.1512249,0.0
1641576116.1582248,4.638437271118164
1641576116.1642249,5.44371223449707
1641576116.1712248,0.0
1641576116.179225,5.942830562591553
1641576116.1852248,0.0
1641576116.192225,5.2152018547058105
1641576116.199225,-4.029616832733154
1641576116.205225,0.0
1641576116.212225,0.0
1641576116.2202249,0.0
1641576116.226225,-5.480893611907959
1641576116.2332249,5.176136493682861
1641576116.239225,0.0
1641576116.2462249,0.0
1641576116.2532248,0.0
1641576116.2602248,0.0
1641576116.2672248,0.0
1641576116.274225,0.0
1641576116.2802248,0.0
1641576116.2872248,0.0
1641576116.294225,0.0
1641576116.3002248,0.0
1641576116.308225,6.5287251472473145
1641576116.314225,0.0
1641576116.321225,5.44371223449707
1641576116.328225,0.0
1641576116.3352249,4.55007791519165
1641576116.341225,4.505248069763184
1641576116.3492248,0.0
1641576116.3552248,0.0
1641576116.3622248,-3.604198694229126
1641576116.3692248,0.0
1641576116.3752248,0.0
1641576116.3822248,5.176136493682861
1641576116.390225,-4.459968090057373
1641576116.396225,0.0
1641576116.403225,-5.09713077545166
1641576116.409225,0.0
1641576116.416225,0.0
1641576116.423225,0.0
1641576116.430225,0.0
1641576116.4372249,0.0
1641576116.4442248,4.638437271118164
1641576116.4502249,0.0
1641576116.4572248,0.0
1641576116.4642248,5.769532680511475
1641576116.4702249,0.0
1641576116.478225,0.0
1641576116.485225,5.253977298736572
1641576116.4912248,0.0
1641576116.498225,5.44371223449707
1641576116.505225,-4.079675674438477
1641576116.511225,5.44371223449707
1641576116.519225,0.0
1641576116.525225,5.253977298736572
1641576116.532225,0.0
1641576116.5392249,0.0
1641576116.545225,0.0
1641576116.5522249,0.0
1641576116.5602248,5.7342448234558105
1641576116.5662248,0.0
1641576116.5732248,0.0
1641576116.580225,-4.594470024108887
1641576116.5862248,0.0
1641576116.5932248,-4.226297378540039
1641576116.601225,5.8046064376831055
1641576116.607225,0.0
1641576116.614225,0.0
1641576116.620225,-4.638437271118164
1641576116.627225,0.0
1641576116.634225,0.0
1641576116.640225,0.0
1641576116.6482248,4.505248069763184
1641576116.6552248,-3.875561237335205
1641576116.6612248,0.0
1641576116.6682248,-4.459968090057373
1641576116.6742249,0.0
1641576116.6812248,4.594470024108887
1641576116.689225,5.2152018547058105
1641576116.6952248,-3.927584409713745
1641576116.702225,4.810288906097412
1641576116.709225,0.0
1641576116.715225,0.0
1641576116.722225,0.0
1641576116.7302248,0.0
1641576116.736225,0.0
1641576116.7432249,0.0
1641576116.749225,0.0
1641576116.7562249,0.0
1641576116.7632248,5.4062981605529785
1641576116.771225,-4.129128456115723
1641576116.7772248,5.09710693359375
1641576116.784225,0.0
1641576116.7902248,0.0
1641576116.797225,0.0
1641576116.804225,0.0
1641576116.8102248,0.0
1641576116.818225,-4.852301120758057
1641576116.8252249,0.0
1641576116.831225,-4.6819915771484375
1641576116.838225,4.6819915771484375
1641576116.8452249,-4.725144386291504
1641576116.851225,5.44371223449707
1641576116.8592248,0.0
1641576116.8652248,4.810288906097412
1641576116.8722248,0.0
1641576116.8792248,0.0
1641576116.8852248,0.0
1641576116.8922248,0.0
1641576116.900225,0.0
1641576116.906225,0.0
1641576116.913225,0.0
1641576116.919225,0.0
1641576116.926225,0.0
1641576116.933225,0.0
1641576116.939225,0.0
1641576116.9472249,0.0
1641576116.9542248,0.0
1641576116.9602249,0.0
1641576116.9672248,5.769532680511475
1641576116.9742248,0.0
1641576116.9802248,0.0
1641576116.988225,0.0
1641576116.995225,0.0
1641576117.001225,4.852301120758057
1641576117.008225,-4.505248069763184
1641576117.0142248,0.0
1641576117.021225,0.0
1641576117.0292249,0.0
1641576117.0362248,-4.129128456115723
1641576117.042225,5.330681800842285
1641576117.0492249,0.0
1641576117.055225,0.0
1641576117.0622249,0.0
1641576117.0702248,0.0
1641576117.0762248,0.0
